113.2681872696
158.4375160532
249.6867283186
43.4524387845
161.5750821443
251.2076947739
70.9092538124
42.0531193588
151.3591674287
248.0743121732
31.4953738961
152.3843205228
248.9237625553
70.7286920814
35.5169852385
143.4127074880
239.4132286432
23.6371284970
144.0789717000
242.0282618795
23.5937362025
143.5247125686
242.3207360507
68.0649105140
24.7601829190
125.3468287539
229.9637813007
14.7915965938
126.6354660272
229.8852280114
14.7445793513
126.8876525142
230.7395819274
62.8251535139
10.9600002107
86.0909201330
176.4394706436
10.9391913303
87.6358344480
176.5402652758
10.9226678840
88.8970625778
178.0828345276
43.3378730518
