0.8324460959748218
0.6888987962156534
0.40902051780568927
2.181567283543317
0.677409322050057
0.40546763982427747
0.36461327323003817
1.082274070205657
0.37287833708289425
0.2140461859342299
1.6909874436494552
0.3805715492681453
0.21302384128303906
0.19517949243125163
1.1513898590285527
0.22841085385727256
0.11756402979555883
1.8033023801093038
0.2329417822980567
0.11791973619868881
1.8023770841720856
0.23058142856155572
0.11701786792591999
0.11195495332542219
0.9525567317675603
0.13489961918247373
0.06896894376136754
1.6493337204385745
0.13293300412203135
0.0688494403699511
1.641249600307722
0.13236243669923983
0.06885171965941002
0.06976367562617126
0.5528903419249936
0.09179168233745977
0.02977338766581134
0.5504339345191654
0.0894740910122269
0.028767429390235952
0.5506658362910936
0.08872526354695622
0.029062180730857347
0.03448998996693837
