0.45484080175428016
0.4736183162190412
0.22287132267497087
1.1281345897403203
0.4579531519036544
0.21885044529641928
0.2057279999318876
0.5900759568535968
0.26239039817530857
0.12405394625506903
0.8902301080524921
0.25172749485232326
0.12357593268940323
0.11786036193370819
0.5421105282087075
0.1784841946669315
0.07541812711248272
0.8962348422133609
0.17568521250627542
0.07486950459056779
0.8936802856624126
0.17414345209927937
0.07428450656956748
0.07596833533362339
0.560571870913631
0.13025784865021706
0.051436705612822584
0.9974612094657985
0.13212261623457858
0.05091688301610319
0.9927961803776654
0.13095879878260588
0.050678238958904616
0.056467854760979354
0.34922897129466657
0.11620388709400829
0.034980561682268194
0.3468739775646674
0.11367542228024256
0.03407712486621581
0.34583096245401784
0.11340070172752205
0.034387113134327685
0.04317872226238251
