117.7253403840
142.2560186465
239.5967823955
44.9218324547
144.6688092562
241.6962301664
67.1944819314
45.2750383188
131.4101548064
228.9225560649
28.9771518908
128.7537129200
230.0212018752
62.7627413485
21.2786310457
107.2628536966
208.3970755562
13.5861851402
105.1764941364
207.7684430935
13.5931599526
106.2531364856
209.3697350178
54.7095042968
12.8601264276
90.8082622786
177.6161752221
7.4272415874
92.1516825780
177.9244672749
7.4638251231
92.5489157308
177.9185772062
43.8982030765
5.5390730635
33.3635894017
102.8603138606
5.5637921428
34.2277855562
106.4572005533
5.5614490643
34.5166627584
105.3775017216
22.1984697802
