116.6859763291
154.1276941131
246.0864476694
44.0092626578
154.6207634704
247.0167925913
69.6870980964
42.4145176469
140.9546262581
239.8433093741
31.8978248580
140.6621478741
239.6306846242
67.1912418337
35.7983417417
126.0179372602
226.6954795487
23.8571263474
123.9290463875
226.4780549180
23.9542694817
126.7801777252
227.3713324708
62.0540939732
23.1908667608
102.7032475276
205.2205921171
13.9565405303
101.2613983254
203.4402551260
13.9266040441
102.5621344977
205.7492294222
53.3613325875
9.5024320010
52.1142712969
133.9511924640
9.5399543931
53.3411620189
134.6771855110
9.4038379416
54.1248337870
134.8208376494
29.5350384393
