1.679721986874938
1.2716728238094794
0.7964680780117449
4.4536079034993525
1.267617592882169
0.7934683223107928
0.7031430686382871
2.310529635532906
0.6952591951152212
0.4086000991887168
3.072309802825514
0.6967048454833659
0.40896265081277017
0.3646308556199074
1.3687784857067622
0.38883353485480737
0.21614899466696538
2.0538936369121075
0.39538753365999774
0.21635650313998522
2.0455643632694294
0.3864957509856475
0.21550649973122696
0.19740840959313669
1.056450379914359
0.23855136609391162
0.11938373117070449
1.7554493498449262
0.2419480710829559
0.12042847658066373
1.75922284589002
0.23887958377599716
0.11907699517905712
0.11478349027272902
0.6445718316459342
0.11753018602336708
0.045725610107183456
0.6420366122926536
0.11482689480640386
0.04547912088271819
0.6513298121526053
0.11316431980384023
0.04543066269865161
0.05184520084999109
