3.460812867668114
2.474161485013993
1.5699673051896847
9.021357856200714
2.4261166684721647
1.5604617539793253
1.3820481069974209
4.660771970980261
1.2949331271413125
0.7900858346961046
6.223136154738696
1.2862215700902437
0.787389672998535
0.6927881536907271
2.7592431998958715
0.6833425134812531
0.4093341063708067
4.146019683072441
0.6801825335347339
0.4049113902606462
4.15364481312664
0.6828092406258771
0.40442267383791897
0.359950520980515
1.9789837643896278
0.3909153545177297
0.213077032056294
3.312691749612752
0.3869374160115656
0.21314984187483788
3.3232551999390125
0.3861683861989724
0.21236061706746878
0.19498559597291445
1.1177007084418284
0.14229142842324158
0.06942890927587685
1.1198268345508136
0.13978300174992336
0.06938926924608256
1.1215208711004572
0.13779982875444388
0.06878821326321677
0.07066567379393075
