107.7300009388
103.4588366243
219.8578058939
43.4345338275
106.9978442037
223.8971912240
59.5446414881
41.5200784161
93.3723191488
197.4947249935
27.5209743845
97.3274691919
198.2586695225
51.9682775405
22.5968679127
68.6335281556
162.4277938078
13.6682925312
69.7269839917
163.6180186712
13.7073629088
70.3443043785
164.9065271576
40.3128485908
10.9263420407
47.0221185400
119.0783882254
6.1405896709
46.3584522814
120.2940878777
6.1694435586
46.7704351058
120.8605532834
27.1171980321
4.3846591373
13.1772700406
43.7743113992
4.4144274262
13.4703700174
44.9348354948
4.4277411980
13.5030028622
44.5297630545
8.8657672099
