1.6816470600468547
0.8018004928568476
4.4281151317256064
0.7942666201607177
0.7014018164849595
2.315162372236189
0.40966113539118515
3.0534580055820313
0.40851911578915623
0.36245524442117466
1.354566687031796
0.21644291762066514
2.026088126493912
0.2152637308953624
2.0301205841334244
0.21522623780918748
0.19520827520050502
1.046180176107507
0.11944049283077843
1.7472873613434403
0.11894203428375094
1.7472464836349613
0.11865815245791485
0.11263782354561906
0.6516652990524706
0.04739499111708842
0.6481101368799022
0.04654811254065288
0.6464483338947359
0.046272813587596544
0.04978157138746036
