3.458221371922838
1.5712807003996874
9.015184209534997
1.562086259946227
1.370817243954853
4.6831529979643065
0.7928807239391302
6.215073712366192
0.7908874975615426
0.6921911489610609
2.7286441653574767
0.4071531621249099
4.129928955808282
0.4067182933029376
4.142351375010453
0.4056367998648631
0.3602776725433375
1.9796213625293029
0.21523644559477506
3.3179040091406358
0.2143549977948791
3.3196857517683194
0.2137989541025538
0.19434453723462006
1.1219488383319818
0.07132927298937973
1.1309205529917228
0.07055142257166536
1.1152248020823066
0.07016456587926338
0.07156610586925556
