0.842783357457895
0.4135197935331809
2.1796916586984145
0.40892793698922586
0.3664267004320496
1.0860306382375329
0.21630958163816677
1.6829111441773803
0.21713763769519956
0.1969736780187017
1.150328908605795
0.12043764275547705
1.7970347237822257
0.11958462480259568
1.7980497183376236
0.11934726989190829
0.11363533864680089
0.9505773968014278
0.07122463399642393
1.6142329715780521
0.07211770617256039
1.621407343956985
0.0712082794818439
0.07170904917936576
0.5495328407146429
0.029423136852289502
0.541846662465679
0.02797155052815613
0.5421813430362626
0.02721167463613184
0.03522783762922412
