6.995237540861924
3.07579197257451
18.03893806757278
3.053970389348799
2.6673483279571957
9.409596113334985
1.5346430950121928
12.65295537201407
1.5332478111329144
1.3353779516501787
5.583342448616885
0.7786684612143938
8.428706583401112
0.7789720181528836
8.418890226581325
0.7782695712904407
0.6818699886486547
3.8331126162705766
0.4017017877418293
6.416414204142885
0.4035667484396533
6.455999307895768
0.40102210087216883
0.35636058421677924
2.1194174617835104
0.1188028469834834
2.121346677360061
0.11729922030784495
2.1221506798461283
0.11732135516629644
0.11176827733647333
