0.00939684495097026229
0.00204430596204474568
0.01611672999570146203
0.00202956702560186386
0.00177514902316033840
0.01237701997160911560
0.00102831801632419229
0.00795786496018990874
0.00102150003658607602
0.00089452398242428899
0.00601371994707733393
0.00052257103379815817
0.00524605397367849946
0.00052120600594207644
0.00523513299413025379
0.00052045198390260339
0.00046248303260654211
0.00294845300959423184
0.00027226301608607173
0.00481483305338770151
0.00026995001826435328
0.00481952604604884982
0.00027051899814978242
0.00024362502153962851
0.00457147404085844755
0.00008333002915605903
0.00456893100636079907
0.00008244905620813370
0.00456151500111445785
0.00008384598186239600
0.00008031196193769574
0.00079421000555157661
0.00014485302381217480
0.00019596196943894029
0.00514513597590848804
0.00014158803969621658
0.00017528398893773556
0.00023393396986648440
[5] forward pass time :  0.10786119103431702
0.00936361995991319418
0.00204488902818411589
0.01611469697672873735
0.00202957895817235112
0.00177668896503746510
0.01240234699798747897
0.00102847302332520485
0.00795106700388714671
0.00102212303318083286
0.00089571397984400392
0.00601606001146137714
0.00052223401144146919
0.00522814702708274126
0.00052217999473214149
0.00526667700614780188
0.00051960098790004849
0.00046107597881928086
0.00298926304094493389
0.00027105998015031219
0.00489430601010099053
0.00026993703795596957
0.00488570897141471505
0.00027021102141588926
0.00024343101540580392
0.00458020903170108795
0.00008449598681181669
0.00460529397241771221
0.00008298503234982491
0.00459538499126210809
0.00008346803952008486
0.00008005503332242370
0.00079854502109810710
0.00014533300418406725
0.00019971502479165792
0.00516429397976025939
0.00014174700481817126
0.00017814396414905787
0.00023117603268474340
[6] forward pass time :  0.10815503401681781
0.00935992703307420015
0.00204432097962126136
0.01613508397713303566
0.00203200505347922444
0.00177613698178902268
0.01242577395169064403
0.00102686200989410281
0.00789300398901104927
0.00102285796310752630
0.00089390901848673820
0.00600868999026715755
0.00052260700613260269
0.00524998799664899707
0.00052224996034055948
0.00522121303947642446
0.00051972799701616168
0.00046114099677652121
0.00303464598255231977
0.00027287699049338698
0.00497353501850739121
0.00026979501126334071
0.00496589299291372299
0.00027014798251911998
0.00025239196838811040
0.00460922397905960679
0.00008508801693096757
0.00463681196561083198
0.00008306698873639107
0.00463843398028984666
0.00008460000390186906
0.00008178601274266839
0.00080979702761396766
0.00014512299094349146
0.00020107097225263715
0.00520647800294682384
0.00014317600289359689
0.00017617299454286695
0.00024579896125942469
[7] forward pass time :  0.10850437701446936
0.00940207100939005613
0.00204324902733787894
0.01613813301082700491
0.00203127000713720918
0.00177538400748744607
0.01235312799690291286
0.00102772598620504141
0.00789128802716732025
0.00102464400697499514
0.00089619698701426387
0.00610702199628576636
0.00052036700071766973
0.00532234401907771826
0.00052063300972804427
0.00532360398210585117
0.00051931099733337760
0.00046022597234696150
0.00302542699500918388
0.00027136999415233731
0.00501213199459016323
0.00027017894899472594
0.00501061399700120091
0.00026964599965140224
0.00024313596077263355
0.00464791298145428300
0.00008393102325499058
0.00464770896360278130
0.00008331699064001441
0.00463730900082737207
0.00008374697063118219
0.00008080096449702978
0.00080513296416029334
0.00014471501344814897
0.00019581097876653075
0.00521256099455058575
0.00014401099178940058
0.00017972901696339250
0.00023645500186830759
[8] forward pass time :  0.10888816299848258
0.00940108101349323988
0.00204586703330278397
0.01613085099961608648
0.00203282100846990943
0.00177839596290141344
0.01232584397075697780
0.00102829304523766041
0.00789027503924444318
0.00102602102560922503
0.00089716300135478377
0.00604396901326254010
0.00052039203001186252
0.00532906199805438519
0.00052002398297190666
0.00531817902810871601
0.00051927898311987519
0.00046020396985113621
0.00301820196909829974
0.00027152901748195291
0.00500262802233919501
0.00026953901397064328
0.00500899896724149585
0.00026924704434350133
0.00024300598306581378
0.00464431999716907740
0.00008507299935445189
0.00464377901516854763
0.00008342595538124442
0.00463631999446079135
0.00008328299736604095
0.00008094601798802614
0.00080453400732949376
0.00014519196702167392
0.00019472301937639713
0.00519578997045755386
0.00014167098561301827
0.00017541198758408427
0.00023653096286579967
[9] forward pass time :  0.10870001296279952
0.00939930597087368369
0.00204470299649983644
0.01611713599413633347
0.00203147297725081444
0.00177323899697512388
0.01239406300010159612
0.00102665403392165899
0.00790453603258356452
0.00102107902057468891
0.00089371897047385573
0.00601751595968380570
0.00052210001740604639
0.00524707697331905365
0.00052126997616142035
0.00528705003671348095
0.00052057596622034907
0.00046064698835834861
0.00303255103062838316
0.00027042400324717164
0.00496445997850969434
0.00027020397828891873
0.00496560201281681657
0.00026962498668581247
0.00024326698621734977
0.00460343895247206092
0.00008438801160082221
0.00460231699980795383
0.00008245900971814990
0.00459352997131645679
0.00008205097401514649
0.00008048897143453360
0.00079979101428762078
0.00014500599354505539
0.00019775901455432177
0.00516785203944891691
0.00014299200847744942
0.00017950200708582997
0.00023441197117790580
[10] forward pass time :  0.10839918802957982
0.00937692000297829509
0.00204302900237962604
0.01611633104039356112
0.00203262199647724628
0.00177598901791498065
0.01226226298604160547
0.00102603901177644730
0.00795299804303795099
0.00102011702256277204
0.00089436199050396681
0.00609120400622487068
0.00052121601765975356
0.00528894399758428335
0.00052243401296436787
0.00528138002846390009
0.00052023498574271798
0.00046106602530926466
0.00299827399430796504
0.00027114601107314229
0.00488921604119241238
0.00027000403497368097
0.00491100997896865010
0.00027131201932206750
0.00024495000252500176
0.00457577500492334366
0.00008442002581432462
0.00567013700492680073
0.00024300499353557825
0.00463812495581805706
0.00008748698746785522
0.00015525199705734849
0.00081971997860819101
0.00014686898794025183
0.00024784303968772292
0.00512947101378813386
0.00014430301962420344
0.00017939502140507102
0.00024121301248669624
[11] forward pass time :  0.10969803697662428
0.00938208797015249729
0.00204095098888501525
0.01613496895879507065
0.00203132105525583029
0.00177376397186890244
0.01229132496519014239
0.00102549098664894700
0.00798159599071368575
0.00102034799056127667
0.00089289899915456772
0.00605384004302322865
0.00052115798462182283
0.00530211202567443252
0.00052133901044726372
0.00529296998865902424
0.00051977799739688635
0.00046314700739458203
0.00299104698933660984
0.00027158297598361969
0.00488975201733410358
0.00027112796669825912
0.00497292395448312163
0.00027097202837467194
0.00024420401314273477
0.00460456399014219642
0.00008458900265395641
0.00460544700035825372
0.00008338101906701922
0.00459462200524285436
0.00008231797255575657
0.00008065497968345881
0.00080500100739300251
0.00014691503020003438
0.00019446999067440629
0.00524181500077247620
0.00014198099961504340
0.00017853500321507454
0.00023467000573873520
[12] forward pass time :  0.10844462702516466
0.00941600202349945903
0.00210506794974207878
0.01613807299872860312
0.00203227699967101216
0.00177804799750447273
0.01230566902086138725
0.00102495000464841723
0.00795470998855307698
0.00102118600625544786
0.00089501996990293264
0.00604784802999347448
0.00052068801596760750
0.00532666896469891071
0.00052043399773538113
0.00530869798967614770
0.00051989301573485136
0.00046333199134096503
0.00301729200873523951
0.00027178501477465034
0.00494714500382542610
0.00027017801767215133
0.00500608200673013926
0.00027011201018467546
0.00024332897737622261
0.00464690598892048001
0.00008416298078373075
0.00464125099824741483
0.00008289300603792071
0.00464104901766404510
0.00008355901809409261
0.00008163298480212688
0.00081056501949205995
0.00014494295464828610
0.00019577104831114411
0.00524032500106841326
0.00014221703168004751
0.00017575698439031839
0.00023329898249357939
[13] forward pass time :  0.10881024796981364
0.00937372399494051933
0.00204285897780209780
0.01614762900862842798
0.00203130498994141817
0.00177612097468227148
0.01226924901129677892
0.00102280202554538846
0.00795106799341738224
0.00101988704409450293
0.00089512701379135251
0.00609016296220943332
0.00052149500697851181
0.00529261899646371603
0.00052021601004526019
0.00528270204085856676
0.00051972398068755865
0.00046274397755041718
0.00298679398838430643
0.00027129601221531630
0.00488685595337301493
0.00027079600840806961
0.00491908099502325058
0.00026996101951226592
0.00024420703994110227
0.00457127997651696205
0.00008513499051332474
0.00456919602584093809
0.00008304801303893328
0.00456052197841927409
0.00008342502405866981
0.00008043902926146984
0.00079340499360114336
0.00014545803423970938
0.00019426702056080103
0.00521756202215328813
0.00014233100228011608
0.00017798901535570621
0.00023361400235444307
[14] forward pass time :  0.10819432203425094
0.00938980100909247994
0.00204398098867386580
0.01614525495097041130
0.00203097902704030275
0.00177625101059675217
0.01224625000031664968
0.00102254701778292656
0.00799155898857861757
0.00101952400291338563
0.00089397799456492066
0.00608694500988349319
0.00052069500088691711
0.00530745298601686954
0.00051944202277809381
0.00527198100462555885
0.00051977101247757673
0.00046232400927692652
0.00299504201393574476
0.00027039501583203673
0.00489320000633597374
0.00026976398658007383
0.00492251600371673703
0.00027089600916951895
0.00024303101236000657
0.00457305402960628271
0.00008453900227323174
0.00457321200519800186
0.00008296495070680976
0.00456097698770463467
0.00008359400089830160
0.00008047296432778239
0.00079450599150732160
0.00014482898404821754
0.00019915896700695157
0.00525854597799479961
0.00014199595898389816
0.00017846398986876011
0.00023719499586150050
[15] forward pass time :  0.10829580598510802
0.00938278704416006804
0.00204247096553444862
0.01612095301970839500
0.00203194003552198410
0.00177472498035058379
0.01227546000154688954
0.00102342100581154227
0.00797225499991327524
0.00101987202651798725
0.00089427601778879762
0.00609320303192362189
0.00052143400534987450
0.00530242000240832567
0.00051989901112392545
0.00527746696025133133
0.00051993102533742785
0.00046001799637451768
0.00299439899390563369
0.00027060200227424502
0.00489523296710103750
0.00026974099455401301
0.00491119199432432652
0.00027238798793405294
0.00024534401018172503
0.00457864894997328520
0.00008370500290766358
0.00456970703089609742
0.00008304300718009472
0.00456174800638109446
0.00008234096458181739
0.00008028099546208978
0.00079345796257257462
0.00014433998148888350
0.00019600195810198784
0.00522058299975469708
0.00014173501404002309
0.00017579301493242383
0.00023738801246508956
[16] forward pass time :  0.10822839697357267
0.00940210098633542657
0.00204879097873345017
0.01622923801187425852
0.00203255197266116738
0.00178418401628732681
0.01235359103884547949
0.00102429703110828996
0.00802777602802962065
0.00101927301147952676
0.00089306000154465437
0.00614241202129051089
0.00052142899949103594
0.00530668004648759961
0.00051962898578494787
0.00528860703343525529
0.00052063801558688283
0.00046165898675099015
0.00299965997692197561
0.00027031201170757413
0.00489714200375601649
0.00027063599554821849
0.00493218097835779190
0.00026981701375916600
0.00024442700669169426
0.00458120601251721382
0.00008439802331849933
0.00457362103043124080
0.00008434400660917163
0.00456946197664365172
0.00008312799036502838
0.00008027703734114766
0.00080850505037233233
0.00014645903138443828
0.00020452402532100677
0.00526154797989875078
0.00014320900663733482
0.00017839402426034212
0.00024017196847125888
[17] forward pass time :  0.10876562295015901
0.00934144301572814584
0.00204274302814155817
0.01617742399685084820
0.00202940998133271933
0.00177339499350637197
0.01242723397444933653
0.00104164797812700272
0.00798798300093039870
0.00102065602550283074
0.00089251901954412460
0.00610387400956824422
0.00052372500067576766
0.00527664000401273370
0.00052058399887755513
0.00529369001742452383
0.00052231899462640285
0.00046239799121394753
0.00299683300545439124
0.00027115695411339402
0.00489510298939421773
0.00027078605489805341
0.00492085103178396821
0.00026987696764990687
0.00024416501400992274
0.00460786500480026007
0.00008477503433823586
0.00460473401471972466
0.00008251803228631616
0.00459312601014971733
0.00008313299622386694
0.00008119601989164948
0.00080069998512044549
0.00014473102055490017
0.00019534700550138950
0.00521831400692462921
0.00014421599917113781
0.00017912901239469647
0.00023970601614564657
[18] forward pass time :  0.10868637700332329
0.00936958700185641646
0.00204628997016698122
0.01621868199435994029
0.00203098001657053828
0.00177780905505642295
0.01240130403311923146
0.00102808099472895265
0.00790566799696534872
0.00102349597727879882
0.00089806498726829886
0.00620059098582714796
0.00052168202819302678
0.00534979999065399170
0.00052002101438120008
0.00532854098128154874
0.00052031601080670953
0.00046226300764828920
0.00305035500787198544
0.00027053995290771127
0.00503006298094987869
0.00027031596982851624
0.00500811700476333499
0.00026924599660560489
0.00024429400218650699
0.00464701600139960647
0.00008503400022163987
0.00464518001535907388
0.00008327001705765724
0.00463610998122021556
0.00008250999962911010
0.00008180696750059724
0.00080854701809585094
0.00014554901281371713
0.00020083901472389698
0.00519881997024640441
0.00014337600441649556
0.00017555104568600655
0.00023254897678270936
[19] forward pass time :  0.10911155998473987
0.00935885799117386341
0.00204273796407505870
0.01619028096320107579
0.00205379101680591702
0.00178233999758958817
0.01245299202855676413
0.00102642201818525791
0.00793612899724394083
0.00102193601196631789
0.00089524296345189214
0.00608825398376211524
0.00052103801863268018
0.00529190897941589355
0.00052082497859373689
0.00526464899303391576
0.00052067701471969485
0.00046099402243271470
0.00306142802583053708
0.00027129601221531630
0.00500992598244920373
0.00026944500859826803
0.00501091004116460681
0.00026969402097165585
0.00024365104036405683
0.00465063302544876933
0.00008409994188696146
0.00467462802771478891
0.00008295202860608697
0.00466702296398580074
0.00008347100811079144
0.00008079799590632319
0.00080883700866252184
0.00014463003026321530
0.00019528600387275219
0.00524015800328925252
0.00014182797167450190
0.00017471198225393891
0.00023380998754873872
[20] forward pass time :  0.10902328696101904
0.00941136601613834500
0.00204277999000623822
0.01616324897622689605
0.00203157198848202825
0.00177714001620188355
0.01239626703318208456
0.00102626904845237732
0.00790278799831867218
0.00102219695691019297
0.00089429097715765238
0.00613293901551514864
0.00052023096941411495
0.00530002400046214461
0.00052125903312116861
0.00527885201154276729
0.00052011397201567888
0.00046119897160679102
0.00303509400691837072
0.00027129403315484524
0.00496912997914478183
0.00026969099417328835
0.00496628601104021072
0.00026967801386490464
0.00024224398657679558
0.00460670195752754807
0.00008393998723477125
0.00463554798625409603
0.00008207501377910376
0.00463594897883012891
0.00008313701255246997
0.00008081196574494243
0.00080178998177871108
0.00014547404134646058
0.00019279000116512179
0.00520481902640312910
0.00014106102753430605
0.00017686100909486413
0.00023205898469313979
[21] forward pass time :  0.10871730698272586
0.00936307798838242888
0.00204176199622452259
0.01615312497597187757
0.00203129003057256341
0.00177396897925063968
0.01239711197558790445
0.00102596095530316234
0.00788511597784236073
0.00102039804914966226
0.00089267798466607928
0.00612432701746001840
0.00052106700604781508
0.00530071195680648088
0.00052016897825524211
0.00527575699379667640
0.00052088301163166761
0.00045900599798187613
0.00305986503371968865
0.00027061399305239320
0.00500979798380285501
0.00026998796965926886
0.00501212297240272164
0.00027043401496484876
0.00024351000320166349
0.00464917399222031236
0.00008382403757423162
0.00464724702760577202
0.00008412497118115425
0.00463820499135181308
0.00008269096724689007
0.00007993599865585566
0.00080468598753213882
0.00014564197044819593
0.00019541295478120446
0.00520462595159187913
0.00014331296551972628
0.00017771002603694797
0.00023190799402073026
[22] forward pass time :  0.10879543202463537
0.00935240898979827762
0.00204216496786102653
0.01617923297453671694
0.00203136098571121693
0.00177611201070249081
0.01238909002859145403
0.00102581299142912030
0.00789228099165484309
0.00102427700767293572
0.00089349702466279268
0.00618732202565297484
0.00052122399210929871
0.00533478899160400033
0.00051957200048491359
0.00530455395346507430
0.00051995401736348867
0.00045976601541042328
0.00302787800319492817
0.00027140998281538486
0.00497197901131585240
0.00026964303106069565
0.00496647501131519675
0.00027078198036178946
0.00024382502306252718
0.00460971199208870530
0.00008364801760762930
0.00462726497789844871
0.00008396897464990616
0.00463930203113704920
0.00008366099791601300
0.00008009199518710375
0.00080375099787488580
0.00014473701594397426
0.00019765499746426940
0.00521097198361530900
0.00014284497592598200
0.00017506198491901159
0.00023364502703770995
[23] forward pass time :  0.10877833695849404
