0.00229286600006162189
0.00052532299969243468
0.00402795499985586503
0.00051876899988201330
0.00046097200038275332
0.00323247599999376689
0.00026918999992631143
0.00199144499993053614
0.00026849300002140808
0.00024206499983847607
0.00159354899960817420
0.00014183300027070800
0.00131822599996667122
0.00014156399993225932
0.00131777800015697721
0.00014256199983719853
0.00013608200015369221
0.00079890699998941272
0.00007912799992482178
0.00129694600036600605
0.00007842500008337083
0.00128818400025920710
0.00007989300002009259
0.00007991599977685837
0.00121093600000676815
0.00002266799992867163
0.00120344299966745893
0.00002158600000257138
0.00120530699996379553
0.00002396299987594830
0.00003083399997194647
0.00022537200038641458
0.00004537500035439734
0.00006857000016680104
0.00126030900037221727
0.00004760000001624576
0.00006173800011310959
0.00011600100015130010
[5] forward pass time :  0.028016389000185882
0.00228076999974291539
0.00052494700003080652
0.00403757100002621883
0.00051986800008307910
0.00046172500015018159
0.00321237500020288280
0.00026885900024353759
0.00198198699990825844
0.00026716499996837229
0.00024260800000774907
0.00157720800007155049
0.00014215000010153744
0.00131816700013587251
0.00014402800024981843
0.00132128499990358250
0.00014239299980545184
0.00013523600000553415
0.00079761200004213606
0.00007917499988252530
0.00129687199978434364
0.00007877600000938401
0.00128886500033331686
0.00007849000030546449
0.00007929499997771927
0.00120744900004865485
0.00002231700000265846
0.00120525000011184602
0.00002198900028815842
0.00121121299980586627
0.00002149300007658894
0.00002987900006701238
0.00022656500004814006
0.00004568799977278104
0.00006947100018805941
0.00125808099983260036
0.00004706999970949255
0.00006124999981693691
0.00011545200004547951
[6] forward pass time :  0.027967736999926274
0.00228343199978553457
0.00052336499993543839
0.00404450099995301571
0.00051762100019914214
0.00046061700004429440
0.00321020299998053815
0.00026882200018008007
0.00197881499980212539
0.00026793500001076609
0.00024217300006057485
0.00156541699971057824
0.00014257199973144452
0.00132265899992489722
0.00014177499997458654
0.00131945200018890318
0.00014145900013318169
0.00013358100022742292
0.00079576000007364200
0.00007916799995655310
0.00129421100018589641
0.00008057400009420235
0.00128962999997384031
0.00007884100023147766
0.00007896499982962268
0.00121102499997505220
0.00002640499997141887
0.00121004299990090658
0.00002280099988638540
0.00121089800040863338
0.00002146999986507581
0.00002956999969683238
0.00022562200001630117
0.00004564299979392672
0.00006946899975446286
0.00126137100005507818
0.00004769199995280360
0.00006155199980639736
0.00011531900008776574
[7] forward pass time :  0.027965999000116426
0.00228888900028323405
0.00052421000009417185
0.00403051100010998198
0.00051921700014645467
0.00046117300007608719
0.00320886800000153016
0.00027056500039179809
0.00198778200001470395
0.00026712499993664096
0.00024265899992315099
0.00156734299980598735
0.00014332500040836749
0.00131828999974459293
0.00014165399988996796
0.00132130500014682184
0.00014206600008037640
0.00013467100006891997
0.00079642999980933382
0.00008014700006242492
0.00129732199957288685
0.00007875299979787087
0.00129169199999523698
0.00007851899999877787
0.00007896800025264383
0.00120869600004880340
0.00002578999965408002
0.00120793799987950479
0.00002412499998172279
0.00121002899959421484
0.00002228500034107128
0.00003053699992960901
0.00022559799981536344
0.00004470299973036163
0.00006974999996600673
0.00126683700000285171
0.00004958699992130278
0.00006472199993368122
0.00011757599986594869
[8] forward pass time :  0.0280360310002834
0.00227816499955224572
0.00052517099993565353
0.00402740900017306558
0.00051972199980809819
0.00046247999989645905
0.00319968400026482414
0.00026854899988393299
0.00197867199995016563
0.00026645600019037374
0.00024244699989139917
0.00158273799979724572
0.00014240800010156818
0.00132244300039019436
0.00014149899971016566
0.00132593599983010790
0.00014235899971026811
0.00013422000029095216
0.00080156399963016156
0.00007955099999890081
0.00130401600017648889
0.00007829100013623247
0.00129772099990077550
0.00007979500014698715
0.00007954500006235321
0.00121829999989131466
0.00002269099968543742
0.00121589699983815080
0.00002258100039398414
0.00123535300008370541
0.00002370899983361596
0.00003035700001419173
0.00023007299978416995
0.00004564500022752327
0.00006943299968042993
0.00129553199985821266
0.00004805599974133656
0.00006137800028227502
0.00011787900029958109
[9] forward pass time :  0.028072394999981043
0.00228377999974327395
0.00052482700039035990
0.00403182899981402443
0.00052043300001969328
0.00046225200003391365
0.00320634499985317234
0.00026885399984166725
0.00197933200024635880
0.00026822500012713135
0.00024363200009247521
0.00158994900039033382
0.00014205699972080765
0.00132915000040156883
0.00014167499966788455
0.00132791000032739248
0.00014428600024984917
0.00013607499977297266
0.00080230300000039279
0.00007969399985086056
0.00130577900017669890
0.00007951800034788903
0.00129921400002785958
0.00007979000019986415
0.00007964099995660945
0.00122042300017710659
0.00002273700010846369
0.00121457399973223801
0.00002227499999207794
0.00121806600009222166
0.00002350800014028209
0.00003193799966538791
0.00023096399991118233
0.00004621700009010965
0.00006909099965923815
0.00127183499989769189
0.00004764499999510008
0.00005922099990129936
0.00011610999990807613
[10] forward pass time :  0.028073636000044644
0.00228639200031466316
0.00052476200016826624
0.00402605299996139365
0.00051869400022042100
0.00046065900005487492
0.00321463499994933954
0.00027045399974667816
0.00198091999982352718
0.00026762300012705964
0.00024235999990196433
0.00158764500019970001
0.00014231799968911218
0.00133105599979899125
0.00014194200002748403
0.00132979099998919992
0.00014175300020724535
0.00013452599978336366
0.00079573599987270427
0.00007935399980851798
0.00129380499993203557
0.00008106799987217528
0.00129273299990018131
0.00007880899966039578
0.00007981499993547914
0.00120846400022855960
0.00002277900011904421
0.00120309000021734391
0.00002393900012975791
0.00120731400011209189
0.00002177199985453626
0.00002974899962282507
0.00022635400000581285
0.00004484800001591793
0.00006705200030410197
0.00126271099998120917
0.00004723700021713739
0.00006004299984851968
0.00011539800016180379
[11] forward pass time :  0.02799455600006695
0.00229362100026264670
0.00052372599975569756
0.00403326100013146061
0.00051927799995610258
0.00046117600004436099
0.00321073100030844216
0.00026871299996855669
0.00198544699969716021
0.00026827300007425947
0.00024269000005006092
0.00157637299980706302
0.00014238899984775344
0.00131861199997729273
0.00014320200034489972
0.00132214399991426035
0.00014188899967848556
0.00013419900005828822
0.00079451900001004105
0.00007925300042188610
0.00129271900004823692
0.00008015499997782172
0.00128923300007954822
0.00007847400001992355
0.00007893300016803551
0.00120827599994299817
0.00002222099965365487
0.00120292700012214482
0.00002371700020376011
0.00120708700023897109
0.00002209600006608525
0.00003013800005646772
0.00022648300000582822
0.00004508000029090908
0.00006816599989178940
0.00125910100041437545
0.00004721100003735046
0.00005996900017635198
0.00011504399981276947
[12] forward pass time :  0.027966345000095316
0.00227630700010195142
0.00052240099967093556
0.00404773899981591967
0.00051842200036844588
0.00046119599983285298
0.00323369299985643011
0.00026887500007433118
0.00197674799983360572
0.00026864299979934003
0.00024340100026165601
0.00156992599977456848
0.00014227800011212821
0.00131920400008311844
0.00014313399969978491
0.00132086899975547567
0.00014174300031299936
0.00013479799963533878
0.00079572799995730747
0.00007954300008350401
0.00129618300024958444
0.00007900400032667676
0.00128823499971986166
0.00007857399987187819
0.00007886999992479105
0.00120743700017555966
0.00002356499999223161
0.00120216499999514781
0.00002158699999199598
0.00120310500005871290
0.00002175299960072152
0.00002919200005635503
0.00022462400011136197
0.00004512899977271445
0.00006832700000813929
0.00125853700001243851
0.00004841700001634308
0.00006124399988038931
0.00011703200016199844
[13] forward pass time :  0.02796505200012689
0.00229780699964976520
0.00052164999988235650
0.00456343399991965271
0.00054023700022298726
0.00049458600005891640
0.00325197599977400387
0.00026911299983112258
0.00199612400001569767
0.00026679199982027058
0.00024174199961635168
0.00162511799999265349
0.00014230800024961354
0.00134469199974773801
0.00014112999997450970
0.00134638999998060171
0.00014302299996415968
0.00013474799970936147
0.00082561999988683965
0.00007931700019980781
0.00133936300017012400
0.00007858599974497338
0.00133328300034918357
0.00007937200007290812
0.00007963600000948645
0.00125380499957827851
0.00002317799999218551
0.00125891400011823862
0.00002248400005555595
0.00125279100029729307
0.00002241499987576390
0.00004656000010072603
0.00023593500009155832
0.00004579200003718142
0.00006765599982827553
0.00131156900033602142
0.00004730099999505910
0.00006598099980692496
0.00012428500031091971
[14] forward pass time :  0.02906779400018422
0.00229283599992413656
0.00052463299971350352
0.00404103399978339439
0.00051912200024162303
0.00046358999998119543
0.00322323799991863780
0.00026989400021193433
0.00198264199980258127
0.00026844800004255376
0.00024242199970103684
0.00157735900029365439
0.00014201300018612528
0.00132115999986126553
0.00014221699984773295
0.00132541199991464964
0.00014109799985817517
0.00013475200012180721
0.00080138600014834083
0.00007886100001996965
0.00130533799983822973
0.00008031500010474701
0.00129985600005966262
0.00007903499999883934
0.00007992000018930412
0.00121825499991246033
0.00002320400017197244
0.00121140699957322795
0.00002266100000269944
0.00123304899989307160
0.00002151199987565633
0.00003030099969691946
0.00023205999968922697
0.00004534700019576121
0.00006966699993427028
0.00129712999978437438
0.00004759100011142436
0.00006189700025061029
0.00011861899974974222
[15] forward pass time :  0.02811936699981743
0.00227727100036645425
0.00052313600008346839
0.00403630200025872909
0.00051849500005118898
0.00046043599968470517
0.00320565699985309038
0.00026810500003193738
0.00198342400017281761
0.00026825699978871853
0.00024188599991248338
0.00159251400009452482
0.00014189800003805431
0.00132699499999944237
0.00014178699984768173
0.00133370699995793984
0.00014085800012253458
0.00013393800008998369
0.00080529500019110856
0.00007954700004120241
0.00131322100014585885
0.00007906900009402307
0.00130457200020828168
0.00007913699982964317
0.00007918099981907289
0.00122527399980754126
0.00002332199983356986
0.00121603300021888572
0.00002344399990761303
0.00121841700001823483
0.00002218499957962194
0.00003028399987670127
0.00022766100028093206
0.00004551199981506215
0.00006886199980726815
0.00127274099986607325
0.00004763400011142949
0.00006067599997550133
0.00011793800013037981
[16] forward pass time :  0.028080432000024302
0.00226621999991039047
0.00052326499962873640
0.00403044699987731292
0.00051862600003005355
0.00046183800031940336
0.00321614199992836802
0.00026797500004249741
0.00198977199988803477
0.00026662299978852388
0.00024139699962688610
0.00159076999989338219
0.00014338500022859080
0.00133260199982032645
0.00014153500023894594
0.00133192600014808704
0.00014110699976299657
0.00013387499984673923
0.00079555199999958859
0.00008003299990377855
0.00129507699966779910
0.00007932100015750621
0.00128809500029092305
0.00007834600000933278
0.00007906700011517387
0.00120994000008067815
0.00002381800004513934
0.00120484099988971138
0.00002167999991797842
0.00120516199967823923
0.00002171699998143595
0.00002929400034190621
0.00022932300043976284
0.00004625799965651822
0.00006643200003964012
0.00125958499984335504
0.00004913699967801222
0.00006213200003912789
0.00011748299993996625
[17] forward pass time :  0.028025964999869757
0.00228390099982789252
0.00052343800007292884
0.00403718400002617273
0.00051965100010420429
0.00046197199981179438
0.00322321999965424766
0.00026880399991568993
0.00199530800000502495
0.00026821799974641181
0.00024435799969069194
0.00156918800030325656
0.00014414699990084046
0.00131797499989261269
0.00014150100014376221
0.00132036500008325675
0.00014131399984762538
0.00013484000010066666
0.00079289499990409240
0.00008033400035856175
0.00129570900026010349
0.00007879299982960219
0.00128831299980447511
0.00007850199972381233
0.00007977699988259701
0.00120896699991135392
0.00002417899986539851
0.00120329799983664998
0.00002154000003429246
0.00120319699999527074
0.00002166300009776023
0.00003032300037375535
0.00022483900011138758
0.00004534500021691201
0.00006699300001855590
0.00125737999996999861
0.00004860999979428016
0.00006222299998626113
0.00011798600007750792
[18] forward pass time :  0.027972962000148982
0.00230002500029513612
0.00052309200009403867
0.00403712800016364781
0.00051896500008297153
0.00046133600017128629
0.00319432699961907929
0.00026917600007436704
0.00197248299991770182
0.00026686699993661023
0.00024116199983836850
0.00156342299987954902
0.00014248699972085888
0.00131995400033702026
0.00014185899999574758
0.00273675399967032718
0.00028157899987490964
0.00021851600013178540
0.00086737599986008718
0.00008319599965034286
0.00129893699977401411
0.00008037500037971768
0.00128994199985754676
0.00008065300016824040
0.00008132999982990441
0.00120872500019686413
0.00002263600026708446
0.00120490099970993469
0.00002291400005560718
0.00121038099996439996
0.00002208700016126386
0.00003152899989800062
0.00026924100029646070
0.00005166000028111739
0.00012809600002583466
0.00127576099976067781
0.00004828300006920472
0.00006306000022959779
0.00011903199992957525
[19] forward pass time :  0.029904670999712835
0.00231208900004276074
0.00053220300014800159
0.00403642499986744951
0.00052065099998799269
0.00046254300013970351
0.00322335800001383177
0.00026901000001089415
0.00199037699985638028
0.00026814300008481950
0.00024183100003938307
0.00159328200015806942
0.00014242099996408797
0.00132887099971412681
0.00014251099992179661
0.00132907999977760483
0.00014132500018604333
0.00013460099989970331
0.00080825999975786544
0.00007962500012581586
0.00130688099989129114
0.00007942499996715924
0.00130047399989052792
0.00007914199977676617
0.00008055599982981221
0.00122013200007131672
0.00002251600017189048
0.00121268599968971102
0.00002240499998151790
0.00121624099983819178
0.00002160000030926312
0.00002956899970740778
0.00022615499983658083
0.00004481300038605696
0.00006841699996584794
0.00127067500034172554
0.00004760399997394416
0.00005959100008112728
0.00011574900008781697
[20] forward pass time :  0.028135864999967453
0.00229946399986147298
0.00052289299992480665
0.00404176699976233067
0.00051942799973403453
0.00047113499977058382
0.00322166799969636486
0.00026819999993676902
0.00199669399989943486
0.00026718500021161162
0.00024218199996539624
0.00158936500019990490
0.00014231399973141379
0.00131820200022048084
0.00014115900012257043
0.00131892800027344492
0.00014167399967845995
0.00013451399991026847
0.00079506299971399130
0.00008105100005195709
0.00129535799987934297
0.00007898400008343742
0.00128873399989970494
0.00007846400012567756
0.00007911099964985624
0.00120777900019675144
0.00002379899979132460
0.00120476199981567333
0.00002148300018234295
0.00120467699980508769
0.00002129499989678152
0.00003066799990847358
0.00022542700025951490
0.00004481599989958340
0.00006720299961671117
0.00125977500010776566
0.00004776800005856785
0.00006031899965819321
0.00011581400030991063
[21] forward pass time :  0.028016802000365715
0.00229187300010380568
0.00052267099999880884
0.00402333800002452335
0.00051849999999831198
0.00046107600019240635
0.00321050200000172481
0.00026923100040221470
0.00196990099993854528
0.00026774999969347846
0.00024165800004993798
0.00156688999959442299
0.00014194799996403162
0.00132117800012565567
0.00014199799989000894
0.00131978600029469817
0.00014126399992164806
0.00013365299992074142
0.00079479199985144078
0.00007937300006233272
0.00129530200001681806
0.00008028899992496008
0.00129060600011143833
0.00007860499999878812
0.00007901299977675080
0.00120714800004861900
0.00002522400018278859
0.00120432499988964992
0.00002184499999202671
0.00120520499967824435
0.00002156399978048285
0.00002945699998235796
0.00022437400002672803
0.00004460699983610539
0.00006673500001852517
0.00126073899991752114
0.00004809600022781524
0.00006119499994383659
0.00011597699995036237
[22] forward pass time :  0.027920677000111027
0.00228149000031407923
0.00052260400025261333
0.00404801200011206674
0.00051846299993485445
0.00046219499972721678
0.00320236700008535990
0.00027007699964087806
0.00198200400018322398
0.00026646600008461974
0.00024149999990186188
0.00157507899984921096
0.00014249300011215382
0.00132388300016827998
0.00014140499979475862
0.00132631100041180616
0.00014117899991106242
0.00013795199993182905
0.00080130100013775518
0.00007929699995656847
0.00130301999979565153
0.00007866999976613442
0.00129801299999598996
0.00007854400018914021
0.00007901799972387380
0.00121840500014513964
0.00002415900007690652
0.00121647800006030593
0.00002190499981225003
0.00121647800006030593
0.00002229900019301567
0.00002956400021503214
0.00022870099974170444
0.00004501200010054163
0.00006602600024052663
0.00129861000004893867
0.00004784300017490750
0.00006108900015533436
0.00011760999996113242
[23] forward pass time :  0.02805899400027556
0.00229762200024197227
0.00052454200022111763
0.00402563800025745877
0.00051936799991381122
0.00046160400006556301
0.00318977200004155748
0.00026893399990512989
0.00197987799992915825
0.00026657099988369737
0.00024167200035662972
0.00158169099995575380
0.00014290299986896571
0.00132470800008377410
0.00014131499983704998
0.00132541599987234804
0.00014167600011205650
0.00013511099996321718
0.00080034999973577214
0.00007920200005173683
0.00130363800008126418
0.00007853299985072226
0.00129680700001699734
0.00008026700015761890
0.00008018500011530705
0.00121846399997593835
0.00002244300003440003
0.00121531499962657108
0.00002173899974877713
0.00121513200019762735
0.00002349200030948850
0.00003073800007769023
0.00022731699982614373
0.00004487600017455406
0.00006744400025127106
0.00127366300011999556
0.00004681899963543401
0.00005877900002815295
0.00011585999982344219
[24] forward pass time :  0.028015211999900202
0.00228112500008137431
0.00052469399997789878
0.00402704700036338181
0.00051953900037915446
0.00046148199999151984
0.00320686199984265841
0.00026919100037048338
0.00198042700003497885
0.00026657800026441691
0.00024551499973313184
0.00158503299962831079
0.00014210500012268312
0.00132831400014765677
0.00014148000036584563
0.00132880999990447890
0.00014282599977377686
0.00013516499984689290
0.00080309799977840157
0.00007963000007293886
0.00130790299999716808
0.00007907100007287227
0.00130160899971087929
0.00008090300025287434
0.00007928700006232248
0.00121693299979597214
0.00002283699996041832
0.00121288900027138880
0.00002155100037271040
0.00121514800002842094
0.00002252600006613648
0.00003012599972862517
0.00022746600006939843
0.00004461200023797574
0.00006763400006093434
0.00126984700000321027
0.00004729300007966231
0.00005934799992246553
0.00011602399990806589
[25] forward pass time :  0.028036030000293977
0.00229602099989278940
0.00052407899966055993
0.00402494699983435567
0.00051943500011475408
0.00046084399991741520
0.00320941100017080316
0.00026862400000027264
0.00198553100017306861
0.00026733599997896818
0.00024200000007112976
0.00156768499982717913
0.00014200800023900229
0.00131368699976519565
0.00014120900004854775
0.00131998300003033364
0.00014307700030258275
0.00013464699986798223
0.00079675400002088281
0.00007934900031614234
0.00129314600008001435
0.00007859400011511752
0.00128864899988911930
0.00007925899990368634
0.00007894899999882909
0.00120900599995366065
0.00002224299987574341
0.00120418100004826556
0.00003143799995086738
0.00121223599990116782
0.00002339899992875871
0.00003058199990846333
0.00022385900001609116
0.00004459399997358560
0.00006702100017719204
0.00126089299965315149
0.00004697600024883286
0.00006014900009176927
0.00011484400010886020
[26] forward pass time :  0.028086805999919306
0.00227252100012265146
0.00052277500026320922
0.00405366599989065435
0.00051726699985010782
0.00046018600005481858
0.00320026600002165651
0.00027193899995836546
0.00198398199972871225
0.00026777299990499159
0.00024293699971167371
0.00156390899974212516
0.00014209000028131413
0.00131513099995572702
0.00014238399990063044
0.00131899100006194203
0.00014134399998511071
0.00013393299968811334
0.00079375799987246864
0.00007952599980853847
0.00129372600031274487
0.00008077699976638542
0.00129242900038661901
0.00007852800035834662
0.00007994599991434370
0.00120596099986869376
0.00002279099999213940
0.00120149099984701024
0.00002258200038340874
0.00120691899974190164
0.00002129899985447992
0.00002916299990829430
0.00022652500001640874
0.00004504099979385501
0.00006795099989176379
0.00126001099988570786
0.00004674299998441711
0.00006012099993313313
0.00011522299973876216
[27] forward pass time :  0.028028854000240244
0.00229958399995666696
0.00052313000014692079
0.00402192000001377892
0.00051986500011480530
0.00046070100006545545
0.00321217900000192458
0.00026849300002140808
0.00198186699981306447
0.00026849400001083268
0.00024229200016634422
0.00157817299987073056
0.00014206100013325340
0.00132559200028481428
0.00014183600023898180
0.00132972599976710626
0.00014129800001683179
0.00013389199966695742
0.00080115499986277428
0.00007953000022098422
0.00130664900007104734
0.00007873200001995428
0.00129766999998537358
0.00007861199992476031
0.00008020699988264823
0.00121739299993350869
0.00002523200009818538
0.00121948100013469229
0.00002222800003437442
0.00122646599993458949
0.00002235400006611599
0.00003160200003549107
0.00022926599967831862
0.00004537699987849919
0.00006746000008206465
0.00128169599975080928
0.00004803299998457078
0.00006079500008127070
0.00011725899958037189
[28] forward pass time :  0.028077962000224943
0.00228848999995534541
0.00052321600014693104
0.00403046699966580491
0.00051931799998783390
0.00046195999993869918
0.00322017200005575432
0.00026881999974648352
0.00198108100039462443
0.00026715200010585249
0.00024201099995480035
0.00158927000029507326
0.00014389400030268007
0.00133610600005340530
0.00014160599994283984
0.00133347800010596984
0.00014077999958317378
0.00013449200014292728
0.00080743700027596788
0.00008013500018932973
0.00131644599969149567
0.00007839399995646090
0.00130782699989140383
0.00007844600031603477
0.00007915200012575951
0.00121747100001812214
0.00002359599966439418
0.00121916099988084170
0.00002229699975941912
0.00121745400019790395
0.00002154999992853845
0.00002917900019383524
0.00022648999993180041
0.00004452300026969169
0.00006594999968001503
0.00127604999988761847
0.00004802400007974938
0.00006141199992271140
0.00011740700028894935
[29] forward pass time :  0.028106596000270656
0.00230296100016857963
0.00052436100031627575
0.00403714499998386600
0.00051964600015708129
0.00046141700022417353
0.00321231000043553649
0.00026935200003208593
0.00200188799999523326
0.00026674899982026545
0.00024215900020863046
0.00158651699985057348
0.00014242799989006016
0.00132871400001022266
0.00014143999987936695
0.00132786200038026436
0.00014215400005923584
0.00013674999991053483
0.00079694600026414264
0.00007993899998837151
0.00129607300004863646
0.00007933399956527865
0.00129243899982611765
0.00007841499973437749
0.00007870699982959195
0.00120778000018617604
0.00002365999989706324
0.00120527899980515940
0.00002192000010836637
0.00120368800025971723
0.00002160099984394037
0.00002968499984490336
0.00022728700014340575
0.00004530800015345449
0.00006908800014571170
0.00126105499975892599
0.00004734100002679043
0.00006034099988028174
0.00011593399995035725
[30] forward pass time :  0.02803735499992399
0.00228296499972202582
0.00052448099995672237
0.00404527000000598491
0.00051921900012530386
0.00046135200000207988
0.00322525299998233095
0.00026869700013776310
0.00198667199992996757
0.00026712299995779176
0.00024180399987017154
0.00156480100031330949
0.00014359000033437042
0.00132127599999876111
0.00014142400004857336
0.00131511299969133688
0.00014138699998511584
0.00013408600034381379
0.00079896500028553419
0.00007987900016814820
0.00129218199981551152
0.00007878299993535620
0.00128845299968816107
0.00007834400003048358
0.00007956200033731875
0.00120572900004844996
0.00002320199973837589
0.00120535299993207445
0.00002174900009777048
0.00120436799988965504
0.00002186500023526605
0.00002939199976026430
0.00022614800036535598
0.00004510000007940107
0.00006757399978596368
0.00125947400010772981
0.00004808900030184304
0.00006064300032448955
0.00011625200022535864
[31] forward pass time :  0.02796100200021101
0.00228847800008225022
0.00052207799990355852
0.00404414599961455679
0.00051826499975504703
0.00046084399991741520
0.00318564400004106574
0.00027023300026485231
0.00197803699984433479
0.00026760700029626605
0.00024248699992313050
0.00156153099987932364
0.00014212599990059971
0.00132091100022080354
0.00014124500012258068
0.00132359000008364092
0.00014173399995343061
0.00013439200029097265
0.00079545500011590775
0.00007924100009404356
0.00129323100009059999
0.00007877300004111021
0.00129011500030173920
0.00008033400035856175
0.00007921399992483202
0.00120884499983731075
0.00002263700025650905
0.00120577000006960589
0.00002149300007658894
0.00120501199990030727
0.00002217299970652675
0.00002953500006697141
0.00022590299977309769
0.00004459699994185939
0.00006695699994452298
0.00125813199974800227
0.00004709900031230063
0.00005967399965811637
0.00011551300030987477
[32] forward pass time :  0.027917792000152986
0.00229029999991325894
0.00052429400011533289
0.00401314600003388477
0.00051858200004062383
0.00046071599990682444
0.00320329400028640521
0.00026984200030710781
0.00198568599989812355
0.00026722200027506915
0.00024243799998657778
0.00157540200007133535
0.00014194100003805943
0.00132225199968161178
0.00014113599991105730
0.00132437899992510211
0.00014217100033420138
0.00013403799994193832
0.00080264700000043376
0.00007941900003061164
0.00130390399999669171
0.00007849000030546449
0.00128739399997357395
0.00008023400005185977
0.00007985899992490886
0.00121068499993270962
0.00002319999975952669
0.00120496199997432996
0.00002177200030928361
0.00120316099992123782
0.00002260600012959912
0.00002975799998239381
0.00022456199985754211
0.00004520300035437685
0.00006731199982823455
0.00125926800001252559
0.00004690000014306861
0.00005875099986951682
0.00011535100020410027
[33] forward pass time :  0.02794570800006113
0.00230289099999936298
0.00052326600007290835
0.00402611200024693971
0.00051863999988199794
0.00046094799972706824
0.00321192999990671524
0.00026845899992622435
0.00198205100014092750
0.00026837099994736491
0.00024225500010288670
0.00159083800008374965
0.00014209700020728633
0.00133338199975696625
0.00014218899968909682
0.00132603299971378874
0.00014215300006981124
0.00013481000041792868
0.00081179400012842962
0.00007970299975568196
0.00130470300018714624
0.00007904599988250993
0.00129770700004883111
0.00007877799998823320
0.00007827799981896533
0.00121809699976438424
0.00002209700005550985
0.00121493999995436752
0.00002151299986508093
0.00122646199997689109
0.00002239300010842271
0.00002980799990837113
0.00022695300003761076
0.00004484900000534253
0.00006678199997622869
0.00127213699988715234
0.00004675299987866310
0.00005987099984849920
0.00011561400015125400
[34] forward pass time :  0.028079133000119327
0.00227384200024971506
0.00052159599999868078
0.00404423899999528658
0.00051826899971274543
0.00046085100029813475
0.00324324799976238864
0.00026873700016949442
0.00198847399997248431
0.00026684200020099524
0.00024133300030371174
0.00157941199995548232
0.00014195999983712682
0.00132106199998816010
0.00014369399968927610
0.00132775900010528858
0.00014130400040812674
0.00013410900010057958
0.00080216500009555602
0.00007903699997768854
0.00130437100006020046
0.00007950000008349889
0.00129838000020754407
0.00007840099988243310
0.00008409599968217663
0.00122314999998707208
0.00002343900041523739
0.00121502799993322697
0.00002273799964314094
0.00121435599976393860
0.00002176199996029027
0.00002946400036307750
0.00022738400002708659
0.00004468599991014344
0.00006717099995512399
0.00127094499976010411
0.00005215200008024112
0.00006232200030353852
0.00011813700029961183
[35] forward pass time :  0.02811583899983816
0.00228454499983854475
0.00052151499994579353
0.00404507799976272509
0.00051785300001938595
0.00046148399997036904
0.00325251999993270147
0.00026888399997915258
0.00198308100016220124
0.00026749399967229692
0.00024298300013469998
0.00157559600029344438
0.00014210700010153232
0.00132392400018943590
0.00014126999985819566
0.00132391499982986716
0.00014092999981585308
0.00013463999994201004
0.00080062899996846681
0.00008071199999903911
0.00130592799996520625
0.00007870199988246895
0.00129833700020753895
0.00007809099997757585
0.00007870599984016735
0.00121958500039909268
0.00002357199991820380
0.00121483100019759149
0.00002148699968529399
0.00121265799998582224
0.00002136900002369657
0.00002993199996126350
0.00022759300009056460
0.00004449000016393256
0.00006782499986002222
0.00127087400005621021
0.00004750300013256492
0.00005996799973218003
0.00011646500024653506
[36] forward pass time :  0.028072499000245443
0.00228673299989168299
0.00052241599996705190
0.00402786699987700558
0.00051861000019925996
0.00046124000027703005
0.00321437799993873341
0.00026952300004268182
0.00198854500013112556
0.00026766300015879096
0.00024253199990198482
0.00157921399977567489
0.00014171599968904047
0.00132049400008327211
0.00014264399987951037
0.00132575999987238902
0.00014096599988988601
0.00013403499997366453
0.00079933699998946395
0.00007907100007287227
0.00130325800000719028
0.00008020299992494984
0.00130075600009149639
0.00007818199992470909
0.00007902000015747035
0.00121633700018719537
0.00002264100021420745
0.00121634400011316757
0.00002259399980175658
0.00121923999995487975
0.00002152300021407427
0.00002948599967567134
0.00022948200012251618
0.00004487500018512947
0.00006669799995506764
0.00129444399999556481
0.00004718799982583732
0.00006130300016593537
0.00011837499960165587
[37] forward pass time :  0.028059378000307333
0.00229148100015663658
0.00052379099997779122
0.00402991100008875947
0.00051886899973396794
0.00046116600015011500
0.00321016699990650523
0.00026862300001084805
0.00199023400000442052
0.00026750799997898866
0.00024233399972217740
0.00158561999978701351
0.00014204499984771246
0.00132786199992551701
0.00014236099968911731
0.00133622500015917467
0.00014147499996397528
0.00013470199974108255
0.00079435099996771896
0.00007902400011516875
0.00129456700005903258
0.00008084900036919862
0.00129330700019636424
0.00007921399992483202
0.00007918100027382025
0.00121070299974235240
0.00002229800020359107
0.00120180400017488864
0.00002218400004494470
0.00120546700009072083
0.00002186300025641685
0.00002947599978142534
0.00022531800004799152
0.00004506899995249114
0.00006540999993376317
0.00125915999979042681
0.00004753199982587830
0.00006524299988086568
0.00011667299986584112
[38] forward pass time :  0.027995976000056544
0.00230164699996748823
0.00052387400000952766
0.00404036400004770258
0.00051831400014634710
0.00046133900013956008
0.00322829100014132564
0.00027029200009565102
0.00199246900001526228
0.00026880599989453913
0.00024382799983868608
0.00159535900002083508
0.00014335900004880386
0.00131717100020978251
0.00014309699963632738
0.00132388500014712918
0.00014205399975253385
0.00013554299994211760
0.00079798100023253937
0.00008013800015760353
0.00129868600015470292
0.00008208500003092922
0.00129128900016439729
0.00008008199984033126
0.00008013299975573318
0.00120948199992199079
0.00002326899993931875
0.00120467999977336149
0.00002404399992883555
0.00120750999985830276
0.00002167299999200623
0.00002992899999298970
0.00022984099996392615
0.00004516100034379633
0.00007025700006124680
0.00125893199992788141
0.00004715600016425014
0.00005921599995417637
0.00011524199999257689
[39] forward pass time :  0.02806248900014907
0.00229427399972337298
0.00052229999982955633
0.00405069999987972551
0.00051935700003014063
0.00046242899998105713
0.00319571199997881195
0.00026909200005320599
0.00196847600000182865
0.00026773900026455522
0.00024213699998654192
0.00156223100020724814
0.00014190199999575270
0.00131452699997680611
0.00014260499983720365
0.00131816500015702331
0.00014133799959381577
0.00013465800020640017
0.00079513899981975555
0.00007896199986134889
0.00129348900009063073
0.00007999999979801942
0.00129186200001640827
0.00007872600008340669
0.00007924300007289276
0.00120803699974203482
0.00002301599988641101
0.00120185400010086596
0.00002244200004497543
0.00121519100002842606
0.00002164699981221929
0.00002940800004580524
0.00022992300000623800
0.00004497599957176135
0.00006782999980714521
0.00129421600013301941
0.00004851700032304507
0.00006189399982758914
0.00011902000005648006
[40] forward pass time :  0.027978493999853526
0.00228013400010240730
0.00052375500035850564
0.00402064399986556964
0.00051885399989259895
0.00046153099992807256
0.00321844900008727564
0.00027013199996872572
0.00198501600016243174
0.00026684000022214605
0.00024228399979620008
0.00158841200027382001
0.00014282899974205066
0.00132777899989378056
0.00014125500001682667
0.00132777799990435597
0.00014134299999568611
0.00013459000001603272
0.00080735700021250523
0.00008135300004141754
0.00131526299992401619
0.00007875699975556927
0.00130953200005023973
0.00007898799958638847
0.00007913599984021857
0.00122718300008273218
0.00002463999999235966
0.00122554900008253753
0.00002208900014011306
0.00122400899999774992
0.00002165300020351424
0.00002983500007758266
0.00022876200000609970
0.00004507000039666309
0.00006714099981763866
0.00128104400027950760
0.00004819000014322228
0.00005994599996483885
0.00011760200004573562
[41] forward pass time :  0.028110967999964487
0.00230471400027454365
0.00052436099986152840
0.00405095299993263325
0.00051793300008284859
0.00046063899981163559
0.00323874200012141955
0.00026871099998970749
0.00200120499994227430
0.00026673000002119807
0.00024239000003944966
0.00159909100011645933
0.00014360799968926585
0.00133595699981015059
0.00014164699996399577
0.00133851399959894479
0.00014173499994285521
0.00013421499988908181
0.00080192399991574348
0.00007934299992484739
0.00130154700036655413
0.00007929800040074042
0.00129957199987984495
0.00007920300004116143
0.00007856599995648139
0.00121690600008150795
0.00002248200007670675
0.00121313999989069998
0.00002179299963245285
0.00121392000028208713
0.00002364600004511885
0.00002992800000356510
0.00022784200018577394
0.00004470499970921082
0.00006608300009247614
0.00126999700023588957
0.00004716500006907154
0.00006054999994375976
0.00011589400037337327
[42] forward pass time :  0.028147571999852516
0.00229697099985060049
0.00052308300018921727
0.00404117200014297850
0.00051819899999827612
0.00046085700023468235
0.00323813799968775129
0.00026858199998969212
0.00199658400015323423
0.00026706600010584225
0.00024123999992298195
0.00158638000038990867
0.00014248700017560623
0.00132358500013651792
0.00014220999992176075
0.00133413300000029267
0.00014161799981593504
0.00013476499998432701
0.00080230599996866658
0.00007902500010459335
0.00130418799972176203
0.00007812500007275958
0.00129796700002771104
0.00007923700013634516
0.00007920000007288763
0.00121704999992289231
0.00002238600018245052
0.00121448500021870132
0.00002144400014003622
0.00121603399975356297
0.00002255800018247101
0.00002970400009871810
0.00022575299999516574
0.00004533299988906947
0.00006715400013490580
0.00127202300018325332
0.00004664900006901007
0.00005944000031377072
0.00011541300000317278
[43] forward pass time :  0.028098054000111006
0.00228091400003904710
0.00052225499985070201
0.00403726000013193698
0.00051712799995584646
0.00046068900019236025
0.00324868600000627339
0.00026919199990516063
0.00197568400017189560
0.00026782200029629166
0.00024343099994439399
0.00157303200012393063
0.00014184600013322779
0.00132174700001996825
0.00014344800001708791
0.00132747499992547091
0.00014092299988988088
0.00013400499983617919
0.00080002899994724430
0.00007908299994596746
0.00131674200019915588
0.00008186300010493142
0.00130120700032421155
0.00007880500015744474
0.00008010400006241980
0.00121940700000777724
0.00002256300012959400
0.00121605000003910391
0.00002277000021422282
0.00121611799977472401
0.00002171300002373755
0.00002969300021504750
0.00022747100001652143
0.00004514600004767999
0.00006664300008196733
0.00127035600007729954
0.00004823300014322740
0.00006075200008126558
0.00011714299989762367
[44] forward pass time :  0.028110432000175933
0.00228146499966896954
0.00052240500008338131
0.00400564999972630176
0.00051886999972339254
0.00046083200004432001
0.00320540999973673024
0.00026876599986280780
0.00197981700011951034
0.00026728399961939431
0.00024212900007114513
0.00157584600037807832
0.00014168200004860410
0.00132345299971348140
0.00014205699972080765
0.00132502999986172654
0.00014081600011195405
0.00013387999979386223
0.00080081199985215790
0.00007927500018922728
0.00131319900037851767
0.00008010300007299520
0.00129999599994334858
0.00007875900018916582
0.00007912000000942498
0.00122156999987055315
0.00002356300001338241
0.00121252000008098548
0.00002181199988626759
0.00121499499982746784
0.00002178099975935766
0.00002883000024667126
0.00022704599996359320
0.00004558499995255261
0.00006714499977533706
0.00127035099967542919
0.00004857099975197343
0.00006150899980639224
0.00011587600010898313
[45] forward pass time :  0.02799439299997175
0.00229071700005079038
0.00052325599972391501
0.00404598000022815540
0.00051784600009341375
0.00046018700004424318
0.00323996699989947956
0.00026975999981004861
0.00198826900032145204
0.00026649099982023472
0.00024217300006057485
0.00160245600000052946
0.00014256800022849347
0.00133691900009580422
0.00014130599993222859
0.00133847000006426242
0.00014159800002744305
0.00013441700002658763
0.00081280299991703941
0.00008013100023163133
0.00130494999984875903
0.00007845299978725961
0.00129885900014414801
0.00007892399980846676
0.00008012100033738534
0.00122037800019825227
0.00002454700006637722
0.00121357500029262155
0.00002225900016128435
0.00121724100017672754
0.00002183000015065772
0.00003017099970747950
0.00022675600030197529
0.00004533299988906947
0.00006601499990210868
0.00127493800027878024
0.00004793800007973914
0.00006122199965830077
0.00011694500017256360
[46] forward pass time :  0.028152308000244375
0.00230141499969249708
0.00052448799988269457
0.00402962300040599075
0.00051841499998772633
0.00046119799981170218
0.00321419800002331613
0.00026872399985222728
0.00198883400025806623
0.00026665299992600922
0.00024211400022977614
0.00158719000000928645
0.00014336200001707766
0.00132408199988276465
0.00014204399985828786
0.00131699099983961787
0.00014222199979485595
0.00013529999978345586
0.00079804300003161188
0.00007934499990369659
0.00129578500036586775
0.00007873000004110509
0.00128902400001607020
0.00007941100011521485
0.00007971599961820175
0.00120838900011221995
0.00002239700006612111
0.00120262400014325976
0.00002130100028807647
0.00120415999981560162
0.00002161399970646016
0.00002864399993995903
0.00023434600007021800
0.00004594800020640832
0.00006682499997623381
0.00126099999988582567
0.00004688000035457662
0.00005918199985899264
0.00011557399966477533
[47] forward pass time :  0.02799367399984476
0.00229515499995613936
0.00052327699995657895
0.00403654899992034188
0.00051883500009353156
0.00046071799988567363
0.00324529799991069012
0.00026857900002141832
0.00200081799994222820
0.00026733899994724197
0.00024284600021928782
0.00156344500010163756
0.00014243099985833396
0.00131818199997724150
0.00014188000022841152
0.00131685999986075331
0.00014301000010163989
0.00013477399988914840
0.00079649899998912588
0.00008021700023164158
0.00129410299996379763
0.00007914599973446457
0.00128678500004753005
0.00007942999991428223
0.00007937199961816077
0.00120819099993241252
0.00002245799987576902
0.00120472499975221581
0.00002144700010831002
0.00120514499985802104
0.00002288799987582024
0.00002954599995064200
0.00022500199975183932
0.00004510500002652407
0.00006680599972241907
0.00125739099985366920
0.00004688799981522607
0.00005909400033488055
0.00011569899970709230
[48] forward pass time :  0.02798943700008749
0.00228116700009195483
0.00052520600002026185
0.00405304600008093985
0.00051795199988191598
0.00046237400010795682
0.00321159199984322186
0.00027032899970436119
0.00199408900016351254
0.00026821600022230996
0.00024401299970122636
0.00158290499985014321
0.00014201199974195333
0.00132368399999904796
0.00014274799968916341
0.00132888500002081855
0.00014103900002737646
0.00013467899998431676
0.00080142900014834595
0.00007887499987191404
0.00130455099997561774
0.00008045599997785757
0.00130386199998611119
0.00007814199989297776
0.00007921899987195502
0.00121804399987013312
0.00002216599978055456
0.00121644699993339600
0.00002322299997103983
0.00121665100004975102
0.00002205499959018198
0.00003036699990843772
0.00022777899994252948
0.00004486800025915727
0.00006966499995542108
0.00127154899973902502
0.00004694899962487398
0.00005934299997534254
0.00011587100016186014
[49] forward pass time :  0.028087637000226096
0.00231944100005421205
0.00052816400011579390
0.00404118899996319669
0.00051921100020990707
0.00047151599983408232
0.00319423100017957040
0.00026893199992628070
0.00199020799982463359
0.00026891299967246596
0.00024368899994442472
0.00158574999977645348
0.00014186500038704253
0.00132641900017915759
0.00014236300012271386
0.00132752999979857123
0.00014134499997453531
0.00013486399984685704
0.00080593099983161665
0.00007928500008347328
0.00130932700039920746
0.00008037900033741607
0.00130527500004973263
0.00007828000025256188
0.00007930299989311607
0.00122300300017741392
0.00002230699965366512
0.00122939699986091000
0.00002278500005559181
0.00122154700011378736
0.00002170000016121776
0.00003003399979206733
0.00023514800022894633
0.00004482999975152779
0.00007962800009408966
0.00129782000021805288
0.00004787300031239283
0.00006052099979569903
0.00012145200025770464
[50] forward pass time :  0.028206721000060497
0.00230683199970371788
0.00052356300011524581
0.00402956100015217089
0.00051863499993487494
0.00046079999992798548
0.00322187899973869207
0.00026878499966187519
0.00198674300008860882
0.00026700399985202239
0.00024185699976442265
0.00158572600003026309
0.00014385299982677680
0.00133061300039116759
0.00014219800004866556
0.00133071700020082062
0.00014125600000625127
0.00013439799977277289
0.00080539999999018619
0.00007986099990375806
0.00131414199995560921
0.00007894200007285690
0.00129916899959425791
0.00007926099988253554
0.00007934699988254579
0.00121917300020868424
0.00002444100027787499
0.00121677799961616984
0.00002184999993914971
0.00121441599958416191
0.00002189399992857943
0.00002959900029964047
0.00022750700009055436
0.00004516500030149473
0.00006725100001858664
0.00127297900007761200
0.00004872999988947413
0.00006076899990148377
0.00011832300015157671
[51] forward pass time :  0.028104327999699308
0.00231020100000023376
0.00052277199984018807
0.00403553900014230749
0.00051894099988203379
0.00046013499968466931
0.00322995299984540907
0.00026913700003206031
0.00199246500005756388
0.00026715099966168054
0.00024218599992309464
0.00159186400014732499
0.00014269700022850884
0.00132966199998918455
0.00014121100002739695
0.00132924499985165312
0.00014205199977368466
0.00013522900007956196
0.00080550799975753762
0.00007960599987200112
0.00130326399994373787
0.00007851300006223028
0.00129875599986917223
0.00007955099999890081
0.00007979299971339060
0.00122814599990306306
0.00002214799997091177
0.00121402200011289096
0.00002142599987564608
0.00121532100001786603
0.00002269300011903397
0.00002994899978148169
0.00022710599978381651
0.00004443100033313385
0.00006722200032527326
0.00127174099998228485
0.00004726899987872457
0.00005888999976377818
0.00011592600003496045
[52] forward pass time :  0.0281133140001657
0.00228216599998631864
0.00052321799967103289
0.00402933399982430274
0.00051804299982904922
0.00046020099989618757
0.00323035100018387311
0.00027008400002159760
0.00200505199973122217
0.00026784700003190665
0.00024193199988076231
0.00157926500014582416
0.00014222599975255434
0.00132212100015749456
0.00014151000004858361
0.00132712799995715613
0.00014699499979542452
0.00013598100031231297
0.00080713999977888307
0.00007942599995658384
0.00130571799991230364
0.00007875800019974122
0.00130158199999641511
0.00008011899990378879
0.00008002100003068335
0.00121775800016621361
0.00002246399981231662
0.00121417800028211786
0.00002175300005546887
0.00121386799992251326
0.00002317799999218551
0.00003152600038447417
0.00022864800030220067
0.00004504800017457455
0.00006769699984943145
0.00127403599981334992
0.00004725600001620478
0.00006005200020808843
0.00011572799985515303
[53] forward pass time :  0.028128268000273238
0.00228754299996580812
0.00052392299994608038
0.00403829100014263531
0.00051808299986078055
0.00046092299999145325
0.00317205999999714550
0.00027102100011688890
0.00197701600018262980
0.00026773899980980786
0.00024198899973271182
0.00156779799999640090
0.00014223000016500009
0.00131637699996645097
0.00014164899994284497
0.00131683900008283672
0.00014195999983712682
0.00013461500020639505
0.00079409099998883903
0.00007937400005175732
0.00129443400010131882
0.00007841999968150049
0.00128867500006890623
0.00008014500008357572
0.00007942399997773464
0.00120971799969993299
0.00002248099963253480
0.00120238800036531757
0.00002172799986510654
0.00120674600020720391
0.00002293499983352376
0.00003059300024688127
0.00022558799992111744
0.00004519599997365731
0.00006674099995507277
0.00125893799986442900
0.00004694400013249833
0.00005985699999655480
0.00011574500013011857
[54] forward pass time :  0.027895201000319503
0.00227674500001739943
0.00052415299978747498
0.00402975199995125877
0.00051917700011472334
0.00046069900008660625
0.00321605299996008398
0.00026857100010602153
0.00198134099991875701
0.00026940299994748784
0.00024174100008167443
0.00157614899990221602
0.00014182399991113925
0.00132638500008397386
0.00014215999999578344
0.00132364299997789203
0.00014138100004856824
0.00013377500044953194
0.00079979899965110235
0.00007919700010461383
0.00130521800019778311
0.00007987399976627785
0.00130115100000693928
0.00007841500018912484
0.00007835199994588038
0.00121881400036727428
0.00002303500014022575
0.00122163200012437301
0.00002420200007691165
0.00122824199979731929
0.00002214599999206257
0.00003005300004588207
0.00022898700035511865
0.00004589599984683446
0.00006834800024080323
0.00128038499997273902
0.00004702800015365938
0.00005938000003880006
0.00011597899992921157
[55] forward pass time :  0.02805419600008463
0.00233521200016184594
0.00053428799992616405
0.00397767899994505569
0.00052159200004098238
0.00047486099992966047
0.00317076800001814263
0.00027103399997940869
0.00197167499982242589
0.00026822999961950700
0.00024597399988124380
0.00155156600021655322
0.00014228300005925121
0.00130641799978548079
0.00014146900002742768
0.00130648000003930065
0.00014184000019668019
0.00013600400006907876
0.00078775700012556626
0.00007891599989306997
0.00127897199990911759
0.00007859000015741913
0.00127241300015157321
0.00008065600013651419
0.00008022300016818917
0.00119549100008953246
0.00002221200020358083
0.00118802399993001018
0.00002121199986504507
0.00119144700011020177
0.00002233100030935020
0.00003048700000363169
0.00023983500022950466
0.00004491500021686079
0.00007779399993523839
0.00124419300027511781
0.00004711199972007307
0.00006103400028223405
0.00011842200001410674
[56] forward pass time :  0.027845118999721308
0.00230400300006294856
0.00052489800009425380
0.00406166600032520364
0.00051895599972340278
0.00046161699992808281
0.00322482299998227973
0.00026931299998977920
0.00199133899968728656
0.00026844499961953261
0.00024261799990199506
0.00161343599984320463
0.00014240700011214358
0.00132727000027443864
0.00014272999987952062
0.00133016100016902783
0.00014292900004875264
0.00013594499978353269
0.00080460300023332820
0.00007999599984032102
0.00130492400012371945
0.00007965800023157499
0.00129887299999609240
0.00007891099994594697
0.00007898900003056042
0.00121887499972217483
0.00002245999985461822
0.00121662599985938868
0.00002367900015087798
0.00121752500035654521
0.00002168199989682762
0.00002946099994005635
0.00023279599963643705
0.00004483899965634919
0.00007209100022009807
0.00127172200018321746
0.00004705900028056931
0.00006045800000720192
0.00011677800011966610
[57] forward pass time :  0.028179126999930304
0.00229519799995614449
0.00052314899994598818
0.00409420100004354026
0.00051737300009335740
0.00046220000012908713
0.00329288600005384069
0.00026753500014820020
0.00201588199979596538
0.00026639099996828008
0.00024141199992300244
0.00163681599997289595
0.00014188899967848556
0.00137245800033269916
0.00014202500005922047
0.00135170200019274489
0.00014148299987937207
0.00013431600018520840
0.00082861900000352762
0.00008365600024262676
0.00135290900016116211
0.00007945099969219882
0.00134298600005422486
0.00007810799979779404
0.00007959699996717973
0.00123512300024231081
0.00002479100021446357
0.00123650100022132392
0.00002170900006603915
0.00123031000021001091
0.00002199399978053407
0.00003102900018348009
0.00023216199997477815
0.00004523799998423783
0.00006866399962746073
0.00129086799961442011
0.00004962799994245870
0.00006251799959500204
0.00012209899978188332
[58] forward pass time :  0.02857311200023105
0.00227856399988013436
0.00052204299981895019
0.00404769999977361294
0.00051843600022039027
0.00064802999986568466
0.00321720700003425009
0.00027218200011702720
0.00198635200013086433
0.00026724300005298574
0.00024228199981735088
0.00157796899975437555
0.00014352799962580320
0.00132516600024246145
0.00014148799982649507
0.00133001699987289612
0.00014093800018599723
0.00013369199996304815
0.00079971399964051670
0.00007989100004124339
0.00130466300015541492
0.00007849200028431369
0.00129889299978458439
0.00007869499995649676
0.00007909500027381000
0.00121916999978566309
0.00002388900020378060
0.00121599100020830519
0.00002177500027755741
0.00121780699964801897
0.00002169199979107361
0.00002925700027844869
0.00022772600004827837
0.00004543400018519606
0.00006758199970136047
0.00127150799971786910
0.00004852499978369451
0.00006109300011303276
0.00011970700006713741
[59] forward pass time :  0.028256614999918384
0.00229601199998796801
0.00052404799998839735
0.00402530799965461483
0.00051922099964940571
0.00046043099973758217
0.00321015200006513624
0.00026942499971482903
0.00198425100006716093
0.00026644300032785395
0.00024199000017688377
0.00159125899972423213
0.00014346200032377965
0.00133036900024308125
0.00014151999994282960
0.00133097099978840561
0.00014082100005907705
0.00013412699991022237
0.00080785399995875196
0.00007954000011523021
0.00131054399980712333
0.00007831299990357365
0.00129832699985854561
0.00007853299985072226
0.00007856599995648139
0.00122008699963771505
0.00002444900019327179
0.00121622100004969980
0.00002159500036214013
0.00121579000006022397
0.00002225599973826320
0.00003097600028922898
0.00023272899989024154
0.00004486599982556072
0.00006808899979660055
0.00126955900032044156
0.00004860099988945876
0.00006094900027164840
0.00011739899991880520
[60] forward pass time :  0.028082032999918738
0.00228805899996586959
0.00052443000004132045
0.00403726600006848457
0.00051919099996666773
0.00046208399999159155
0.00322728199989796849
0.00026841199996852083
0.00199266099980377476
0.00026607700010572444
0.00024531799999749637
0.00160443599997961428
0.00014193000015438884
0.00133321500015881611
0.00014107100014371099
0.00132130100018912344
0.00014271000009102863
0.00013528399995266227
0.00080335100028605666
0.00007954200009407941
0.00130577300024015130
0.00007834999996703118
0.00129785299986906466
0.00007931599975563586
0.00007975600010468042
0.00121904199977507233
0.00002288999985466944
0.00121425900033500511
0.00002219400039393804
0.00121419600009176065
0.00002215199992861017
0.00002999000025738496
0.00022699900000588968
0.00004497300005823490
0.00006699200002913130
0.00126931600016177981
0.00004733200012196903
0.00005956900031378609
0.00011607199985519401
[61] forward pass time :  0.028095011000004888
0.00227916999983790447
0.00052353299997776048
0.00403501200025857543
0.00051809500018862309
0.00046090199975878932
0.00324194099994201679
0.00026939300005324185
0.00199276700004702434
0.00026793600000019069
0.00024201600035667070
0.00157788300020911265
0.00014742299981662654
0.00133055500009504613
0.00014234099990062532
0.00132719900011579739
0.00014150000015433761
0.00013549999994211248
0.00080167099986283574
0.00007938399994600331
0.00130402000013418728
0.00008043200023166719
0.00130256099964753957
0.00007868400007282617
0.00007889699963925523
0.00121748200035654008
0.00002212999970652163
0.00121392599976388738
0.00002216100028817891
0.00121402300010231556
0.00002190700024584658
0.00002962500002468005
0.00022638000018559978
0.00004486799980440992
0.00006781799993405002
0.00126922199979162542
0.00004715000022770255
0.00005982700031381682
0.00011579000010897289
[62] forward pass time :  0.02811558600024
0.00229914599958647159
0.00052239600017855992
0.00404363500001636567
0.00051928699986092397
0.00046387300017158850
0.00320608400033961516
0.00026881299982051132
0.00198398200018345960
0.00026695299993662047
0.00024227399990195408
0.00157524099995498545
0.00014316699980554404
0.00132566399997813278
0.00014160199998514145
0.00132203700013633352
0.00014116600004854263
0.00013394799998422968
0.00081264700020255987
0.00008214900026359828
0.00130880200003957725
0.00007860599998821272
0.00129960899994330248
0.00007850200017855968
0.00008011400041141314
0.00121757100032482413
0.00002323199987586122
0.00121529800026110024
0.00002195899969592574
0.00121400000034554978
0.00002164300030926825
0.00002943300023616757
0.00022714699980497244
0.00004460399986783159
0.00006751899991286336
0.00129626899979484733
0.00004843099986828747
0.00006196000003910740
0.00012080000033165561
[63] forward pass time :  0.02809906199991019
0.00227485699997487245
0.00052364900011525606
0.00404343099990001065
0.00051810300010401988
0.00045993900039320579
0.00323141999979270622
0.00026903300022240728
0.00199343800022688811
0.00026692099982028594
0.00024149099999704049
0.00160218800010625273
0.00014204700028130901
0.00133810999977868050
0.00014124900008027907
0.00133584600007452536
0.00014215700002750964
0.00013449300013235188
0.00081195600023420411
0.00007924900000944035
0.00131991200032643974
0.00007902699962869519
0.00130977300023005228
0.00008051199984038249
0.00007982899978742353
0.00122937799960709526
0.00002354100024604122
0.00122322900006111013
0.00002181300033043954
0.00122400100008235313
0.00002283300000271993
0.00003070399998250650
0.00022897799999554991
0.00004487099977268372
0.00006763999999748194
0.00128089700001510209
0.00004788000023836503
0.00006024300000717631
0.00011659999972835067
[64] forward pass time :  0.028189374999783468
0.00228670000024067122
0.00052475599977697129
0.00403586099992025993
0.00051766599972324912
0.00046145499982230831
0.00324237499989976641
0.00026838999974643230
0.00199687100030132569
0.00026839500014830264
0.00024183400000765687
0.00159870900006353622
0.00014284100006989320
0.00133503799997924943
0.00014633699993282789
0.00134400699971592985
0.00014117000000624103
0.00013390100002652616
0.00080011199997898075
0.00007914400021036272
0.00130509900009201374
0.00007895999988249969
0.00130176199991183239
0.00007893900010458310
0.00007928099967102753
0.00121521100027166540
0.00002238600018245052
0.00121282100008102134
0.00002164500028811744
0.00122387000010348856
0.00002281800016135094
0.00003062599989789305
0.00022757899978387286
0.00004515599994192598
0.00006866300009278348
0.00127032199998211581
0.00004732000024887384
0.00005997100015520118
0.00011601100004554610
[65] forward pass time :  0.028140247000010277
0.00228331099970091600
0.00052391100007298519
0.00403573599987794296
0.00051753099978668615
0.00046025799974813708
0.00322186999983387068
0.00026901000001089415
0.00198498899999322020
0.00026835400012714672
0.00024295799994433764
0.00158488600027339999
0.00014213499980542110
0.00132421700027407496
0.00014271599957282888
0.00132334399995670537
0.00014134799994280911
0.00013432700006887899
0.00080092500002137967
0.00007899299998825882
0.00130175300000701100
0.00008291899985124473
0.00129777599977387581
0.00007856199999878299
0.00007956099989314680
0.00121776900004988420
0.00002267800027766498
0.00121940000008180505
0.00002346700011912617
0.00121623599989106879
0.00002194699982283055
0.00002972599986605928
0.00022565300014321110
0.00004507099993134034
0.00006845199959570891
0.00127242299959107186
0.00004722499988929485
0.00005970999973214930
0.00011550899989742902
[66] forward pass time :  0.028050199000063003
0.00227356400000644499
0.00052218900009393110
0.00404234600000563660
0.00051804799977617222
0.00046069600011833245
0.00320484899975781445
0.00026984999976775725
0.00197705800019321032
0.00026823999996850034
0.00024300899985973956
0.00157542900024054688
0.00014187300030243932
0.00132307900003070245
0.00014335900004880386
0.00132862899999963702
0.00014119500019660336
0.00013414799968813895
0.00079954600005294196
0.00007891800032666652
0.00130549200002860744
0.00007967200008351938
0.00129991299991161213
0.00007883899979788112
0.00007921599990368122
0.00121890599984908476
0.00002262399993924191
0.00121404399988023215
0.00002277100020364742
0.00121518000014475547
0.00002203099984399159
0.00002956299977086019
0.00022677200013276888
0.00004468799988899264
0.00006845600000815466
0.00127661499982423265
0.00004741799966723192
0.00006015700000716606
0.00011859100004585343
[67] forward pass time :  0.02802335500018671
0.00227218200006973348
0.00052230800019970047
0.00404630000002725865
0.00053693700010626344
0.00046412700021392084
0.00322059800009810715
0.00027001900025425130
0.00199139400001513422
0.00026717099990491988
0.00024269400000775931
0.00159282799995708046
0.00014343700013341731
0.00132897299999967800
0.00014100299995334353
0.00133030500001041219
0.00014096800032348256
0.00013469899977280875
0.00080440499959877343
0.00008191300003090873
0.00131559000010383897
0.00007901300023149815
0.00130876299999727053
0.00007846000016797916
0.00007950300005177269
0.00123438899981920258
0.00002447699989716057
0.00123537299987219740
0.00002186399979109410
0.00123223199989297427
0.00002220200030933484
0.00003126499996142229
0.00023281899984795018
0.00004529499983618734
0.00007059099971229443
0.00129225999990012497
0.00004858800002693897
0.00006110799995440175
0.00011831900019387831
[68] forward pass time :  0.028215741000167327
0.00228788499998699990
0.00052333999974507606
0.00404734499988990137
0.00051803299993480323
0.00046036599997023586
0.00323480299994116649
0.00026963000027535600
0.00199487700001554913
0.00026789799994730856
0.00024219499982791604
0.00160219800000049872
0.00014152099993225420
0.00133448299993688124
0.00014113899987933110
0.00133576200005336432
0.00014260700027080020
0.00013493200003722450
0.00081015299974751542
0.00007925399995656335
0.00131297200005064951
0.00007847599999877275
0.00131035899994458305
0.00009367000029669725
0.00008325599992531352
0.00123465299975578091
0.00002333900010853540
0.00122492599984980188
0.00002164599982279469
0.00122531099987099878
0.00002250199986519874
0.00003017000017280225
0.00022871100009069778
0.00004492199968808563
0.00006763700002920814
0.00128325700006826082
0.00004696699988926412
0.00005982400034554303
0.00011554099955901620
[69] forward pass time :  0.028225563999967562
0.00229728600015732809
0.00052301499999884982
0.00404487700006939122
0.00051822399973389111
0.00046003899979041307
0.00322530299990830827
0.00026830199976757285
0.00199091099966608454
0.00026873399974647327
0.00024207499973272206
0.00159681800005273544
0.00014295400023911498
0.00132587600000988459
0.00014296199969976442
0.00132681500008402509
0.00014129700002740719
0.00013454300005832920
0.00080270299986295868
0.00007891199993537157
0.00130643400007102173
0.00007928499962872593
0.00129971899968950311
0.00007872099968153634
0.00007887299989306484
0.00121838400036722305
0.00002249599992865114
0.00121590199978527380
0.00002408199998171767
0.00121876200000770041
0.00002195499973822734
0.00003034499968634918
0.00022620299978370895
0.00004509100017457968
0.00006772899996576598
0.00126906300010887207
0.00004735599986815942
0.00006070199970054091
0.00011749499981306144
[70] forward pass time :  0.028101093999794102
0.00229671399983999436
0.00052238099988244358
0.00405146299999614712
0.00051738000001932960
0.00046151400010785437
0.00321669400000246242
0.00026788000013766577
0.00198586599981354084
0.00027205000014873804
0.00024372300003960845
0.00158407499975510291
0.00014660700026070117
0.00132983000003150664
0.00014152200037642615
0.00132734599992545554
0.00014090600006966270
0.00013429199998427066
0.00080077699976754957
0.00007974999971338548
0.00130619900028250413
0.00007826000000932254
0.00129754999989017961
0.00007818500034773024
0.00007894600003055530
0.00121697399981712806
0.00002456699985486921
0.00121719099979600287
0.00002194299986513215
0.00121566999996503000
0.00002151599983335473
0.00002979700002470054
0.00022651700010101194
0.00004500799968809588
0.00006747899988113204
0.00127313699977094075
0.00004816099999516155
0.00006061599970053066
0.00011678999999276130
[71] forward pass time :  0.028136150000136695
0.00229136900043158676
0.00052255399987188866
0.00404479600001650397
0.00051940899993496714
0.00046112500012895907
0.00320532100022319355
0.00026906999983111746
0.00199276900002587354
0.00026643900037015555
0.00024209399998653680
0.00158862900025269482
0.00014309800008049933
0.00132742499999949359
0.00014129700002740719
0.00133210000012695673
0.00014144399983706535
0.00013419600009001442
0.00080693300014900160
0.00007911500006230199
0.00131237000005057780
0.00007821600001989282
0.00130731299987019156
0.00007844600031603477
0.00007985599995663506
0.00122940499977630679
0.00002323299986528582
0.00122694299989234423
0.00002175500003431807
0.00123144400004093768
0.00002190099985455163
0.00004500300019572023
0.00023224100004881620
0.00004695400002674432
0.00006881200033603818
0.00129432799985806923
0.00004688300032285042
0.00006020099999659578
0.00011672599976009224
[72] forward pass time :  0.028179606999856333
0.00230060600006254390
0.00052149599969197880
0.00406578499996612663
0.00051780500007225783
0.00046046699981161510
0.00326701099993442767
0.00026804500021171407
0.00200348599992139498
0.00026668800001061754
0.00024140700043062679
0.00162132800005565514
0.00014117399996393942
0.00134568300018145237
0.00014082999996389844
0.00136070300004575984
0.00014099899999564514
0.00013374400032262201
0.00082180400022480171
0.00007891399991422077
0.00134067299995876965
0.00007813899992470397
0.00133687400011694990
0.00007877600000938401
0.00007896000033724704
0.00125151600013850839
0.00002281600018250174
0.00124781000022267108
0.00002589800033092615
0.00124973999982103123
0.00002189499991800403
0.00002905799965446931
0.00023041799977363553
0.00004548600009002257
0.00006728800008204416
0.00131201200019859243
0.00004692599986810819
0.00005882599998585647
0.00011800899983427371
[73] forward pass time :  0.028485918999649584
0.00229418199978681514
0.00052335700002004160
0.00403908099997352110
0.00051769300034720800
0.00046165200001269113
0.00321491599970613606
0.00026830300021174480
0.00199185800011036918
0.00026774799971462926
0.00024235099999714294
0.00159900100015875068
0.00014159100010147085
0.00133529000004273257
0.00014139599988993723
0.00133745699986320687
0.00014118499984761002
0.00013414200020633871
0.00079937999998946907
0.00007900399987192941
0.00130179400002816692
0.00008067999988270458
0.00130185700027141138
0.00007832100027371780
0.00007977199993547401
0.00121672099976422032
0.00002246200028821477
0.00121332700018683681
0.00002272000028824550
0.00121580200038806652
0.00002129199992850772
0.00002960900019388646
0.00022662699984721257
0.00004519200001595891
0.00006762099974366720
0.00127252700031021959
0.00004748099991047638
0.00006015499957356951
0.00011676600024657091
[74] forward pass time :  0.028095742000004975
0.00228073600010247901
0.00052242999981899629
0.00403932599965628469
0.00051760900032604695
0.00046111599976939033
0.00323245800018412410
0.00026972100022248924
0.00199340100016343058
0.00026669699991543894
0.00024229300015576882
0.00159974999996848055
0.00014247700028136023
0.00132301600024220534
0.00014144699980533915
0.00132677100009459537
0.00014079099992159172
0.00013378299991018139
0.00080009400016933796
0.00008001099968169001
0.00130733700007112930
0.00007838900000933791
0.00129758200000651414
0.00007832599976609345
0.00007877799998823320
0.00121904600018751808
0.00002426099990771036
0.00121605199956320575
0.00002253699994980707
0.00121495199982746271
0.00002165500018236344
0.00003014599997186451
0.00022640899987891316
0.00004515199998422759
0.00006674199994449737
0.00127291699982379214
0.00004769199995280360
0.00006056299980627955
0.00011661300004561781
[75] forward pass time :  0.028087139000035677
0.00228936800021983800
0.00052314699996713898
0.00404137099985746318
0.00051811999992423807
0.00046010899995962973
0.00320637999993778067
0.00026937900020129746
0.00198904699982449529
0.00026697500015870901
0.00024236499984908733
0.00157740599979661056
0.00014297699999588076
0.00132575499992526602
0.00014106500020716339
0.00132352199989327346
0.00014061299998502363
0.00013519899994207663
0.00080217999993692501
0.00007945800007291837
0.00130342099964764202
0.00007849499979784014
0.00129874499998550164
0.00007835599990357878
0.00007914300022093812
0.00121891599974333076
0.00002520499992897385
0.00121454600002834923
0.00002232999986517825
0.00121391499988021678
0.00002141899994967389
0.00002988500000355998
0.00022567099995285389
0.00004501199964579428
0.00006629000017710496
0.00127323800006706733
0.00004773999989993172
0.00006023700007062871
0.00011644700043689227
[76] forward pass time :  0.02803727499986053
0.00227226300012262072
0.00052328899982967414
0.00404150999975172454
0.00051851599982910557
0.00046134800004438148
0.00322985100001460523
0.00026920399977825582
0.00198113900023599854
0.00026725999987320392
0.00024442199992336100
0.00158923299977686838
0.00014275500006988295
0.00133523200020135846
0.00014091799994275789
0.00133222200020099990
0.00014245400006984710
0.00013489999992088997
0.00082018300008712686
0.00008123299994622357
0.00131413999997676001
0.00007813599995643017
0.00130707800008167396
0.00008046900029512472
0.00008092600000964012
0.00123082799973417423
0.00002217300016127410
0.00122868400012521306
0.00002182699972763658
0.00123206400030539953
0.00002569300022514653
0.00003247500035286066
0.00023089199976311647
0.00004589899981510825
0.00006871599998703459
0.00129340800003774348
0.00004735600032290677
0.00005955799997536815
0.00011755799960155855
[77] forward pass time :  0.02819464899994273
0.00229728900012560189
0.00052479599980870262
0.00402322199988702778
0.00051841499998772633
0.00046281799995995243
0.00323289700008899672
0.00026847199978874414
0.00198961900014182902
0.00026668900000004214
0.00024204299961638753
0.00160043300002143951
0.00014148199988994747
0.00133627700006400119
0.00014287699968917877
0.00134115400032897014
0.00014049900028112461
0.00013396400026977062
0.00081133499998031766
0.00007904699987193453
0.00131965700029468280
0.00007892999974501436
0.00131072300018786336
0.00007838800001991331
0.00008037600036914228
0.00122839999994539539
0.00002295300009791390
0.00122437899972283049
0.00002201899997089640
0.00122693200000867364
0.00002107000000250991
0.00002976199994009221
0.00023160900036600651
0.00004510400003709947
0.00006871799996588379
0.00128144300015264889
0.00004700299996329704
0.00006065500019758474
0.00011807000009866897
[78] forward pass time :  0.02819812500001717
0.00227758000028188690
0.00052285300034782267
0.00403507500004707254
0.00051836900001944741
0.00046060200020292541
0.00323849599999448401
0.00026909100006378139
0.00199776599993128912
0.00026730799982033204
0.00024205300042012823
0.00158011600024110521
0.00014184199972078204
0.00132115699989299173
0.00014313100018625846
0.00133144800020090770
0.00014097600023887935
0.00013435099981506937
0.00080013099977804814
0.00007915000014691032
0.00130515699993338785
0.00007918799974504509
0.00129894900010185665
0.00007836199984012637
0.00007885400009399746
0.00121617900003911927
0.00002224499985459261
0.00121515000000727014
0.00002228399989689933
0.00121521600021878839
0.00002202899986514240
0.00002951899978143047
0.00022728199974153540
0.00004498799989960389
0.00006665499995506252
0.00127185199971791008
0.00004687999989982927
0.00005950600007054163
0.00011589299992920132
[79] forward pass time :  0.028060853000170027
0.00228701600008207606
0.00052112199955445249
0.00405985799989139196
0.00051909900003010989
0.00046593900015068357
0.00320164499999009422
0.00026973100011673523
0.00197097899990694714
0.00026819300001079682
0.00024288200029332074
0.00157677199968020432
0.00014214399971024250
0.00133188400013750652
0.00014161899980535964
0.00132322699982978520
0.00014119799971012981
0.00013378100038607954
0.00080064699977810960
0.00007909499981906265
0.00130548300012378604
0.00007883100033723167
0.00130058400009147590
0.00007836800023142132
0.00007926899979793234
0.00121866100016632117
0.00002437700004520593
0.00121688699982769322
0.00002189499991800403
0.00121436100016580895
0.00002148800012946595
0.00002968499984490336
0.00023218600017571589
0.00004504300022745156
0.00006715500012433040
0.00127188999977079220
0.00004876799994235625
0.00006162799991216161
0.00011865700025737169
[80] forward pass time :  0.028092561999983445
0.00228827899991301820
0.00052214300012565218
0.00403634499980398687
0.00051906799990319996
0.00046098600023469771
0.00321970899994994397
0.00026855599980990519
0.00198698100030014757
0.00026696499980971566
0.00024163299985957565
0.00158484199982922291
0.00014226600023903302
0.00133181000001059147
0.00014101299984758953
0.00133295500017993618
0.00014283500013334560
0.00013536100004785112
0.00080735800020192983
0.00007875500023146742
0.00131411999973352067
0.00007819999973435188
0.00130745600017689867
0.00007927999968160293
0.00007893799966041115
0.00122733399985008873
0.00002246199983346742
0.00122346500029379968
0.00002165800015063724
0.00122357999998712330
0.00002303000019310275
0.00002981399984491873
0.00022826799977337942
0.00004465000029085786
0.00006641900017712032
0.00128433700001551188
0.00004692899983638199
0.00005965099990135059
0.00011569099979169550
[81] forward pass time :  0.02812584000002971
0.00229373499996654573
0.00052356800006236881
0.00404457100012223236
0.00051754100013567950
0.00046072000031927018
0.00323039100021560444
0.00026937599977827631
0.00199158799978249590
0.00026755199996841839
0.00024255499965875060
0.00159862700002122438
0.00014228999998522340
0.00133501000027536065
0.00014152299991110340
0.00133683800004291697
0.00014121599997451995
0.00013398500004768721
0.00081122900019181543
0.00007914400021036272
0.00131184799965922139
0.00008490500022162450
0.00130961200011370238
0.00007939600027384586
0.00008004400024219649
0.00122641699999803677
0.00002278000010846881
0.00122122299990223837
0.00002213900006609038
0.00122977899991383310
0.00002224099989689421
0.00002950199996121228
0.00022772800002712756
0.00004547100024865358
0.00006607599971175659
0.00127943600000435254
0.00004688800026997342
0.00005994299999656505
0.00011709899990819395
[82] forward pass time :  0.0281871389997832
0.00228595499993389240
0.00052343500010465505
0.00403758599986758782
0.00051766200022029807
0.00046164500008671894
0.00323128600030031521
0.00026695899987316807
0.00199578999990990269
0.00026741600004243082
0.00024244599990197457
0.00159080799994626432
0.00014209100027073873
0.00132085199993525748
0.00014243299983718316
0.00132984399988345103
0.00014082899997447385
0.00013485499994203565
0.00080022500014820253
0.00007879499980845139
0.00130289699973218376
0.00007949200016810209
0.00129879499991147895
0.00007832700021026540
0.00008022199972401722
0.00121739399992293329
0.00002228699986517313
0.00121266499991179444
0.00002300799997101421
0.00121669400004975614
0.00002152899969587452
0.00002949600002466468
0.00022767599966755370
0.00004487700016397866
0.00006650300019828137
0.00126722300001347321
0.00004768000007970841
0.00005994499997541425
0.00011666900036289007
[83] forward pass time :  0.028070126999864442
0.00229318699985014973
0.00052204199982952559
0.00406392900003993418
0.00051764199997705873
0.00046072699979049503
0.00326356699997631949
0.00026832699995793519
0.00198335000004590256
0.00026694399957705173
0.00024242499966931064
0.00158981799995672191
0.00014341200039780233
0.00133272499988379423
0.00014132200021776953
0.00133131200027492014
0.00014112500002738670
0.00013445600006889435
0.00081213099974775105
0.00007948099982968415
0.00131203399996593362
0.00007790000017848797
0.00130655300017679110
0.00007778100007271860
0.00007916499998827931
0.00122492700029397383
0.00002326300000277115
0.00122241799999756040
0.00002173800021409988
0.00122371699990253546
0.00002126700019289274
0.00002979700002470054
0.00022893699997439398
0.00004494999984672177
0.00006695399997624918
0.00128363100020578713
0.00004835800018554437
0.00006133999977464555
0.00011813899982371368
[84] forward pass time :  0.028205732999595057
0.00230576799958726042
0.00052303499978734180
0.00405244700004914193
0.00051844200015693787
0.00046179299988580169
0.00320615300006465986
0.00026896100007434143
0.00199398699987796135
0.00026694400003179908
0.00024202600025091670
0.00157947700017757597
0.00014202100010152208
0.00132212399967102101
0.00014145399973131134
0.00132197699986136286
0.00014276199999585515
0.00013456299984682119
0.00080275099981008680
0.00007951199995659408
0.00130527600003915722
0.00007834100006220979
0.00129892599989034352
0.00007872299966038554
0.00007922199984022882
0.00121910699999716599
0.00002263999977003550
0.00121226600003865315
0.00002158799998142058
0.00121438699989084853
0.00002229199981229613
0.00002935899965450517
0.00022724700011167442
0.00004449700008990476
0.00006721699992340291
0.00127137299978130613
0.00004681300015363377
0.00005940700020801160
0.00011951700025747414
[85] forward pass time :  0.02806991800025571
0.00229457099976571044
0.00052166200021019904
0.00402188999987629359
0.00051856900017810403
0.00046127599989631562
0.00322135899978093221
0.00026943900002152077
0.00198872800001481664
0.00026699000000007800
0.00024217700001827325
0.00158578399987163721
0.00014140900020720437
0.00133010599984118016
0.00014148799982649507
0.00132915299991509528
0.00014069999997445848
0.00013478900018526474
0.00080561499999021180
0.00007927299975563074
0.00131244799968044390
0.00007977200039022136
0.00130981099982818705
0.00007834600000933278
0.00007888900017860578
0.00122485900010360638
0.00002202399991801940
0.00122100900034638471
0.00002215699987573316
0.00122258300007160869
0.00002145300004485762
0.00002927100013039308
0.00022820399999545771
0.00004488200011110166
0.00006783900016671396
0.00127939100002549822
0.00004746700005853199
0.00005987599979562219
0.00011647600013020565
[86] forward pass time :  0.02810380700020687
0.00228117799997562543
0.00052298200034783804
0.00404756700027064653
0.00051775600013570511
0.00046059300029810402
0.00323399799981416436
0.00026832699995793519
0.00199160000011033844
0.00026687099989430862
0.00024217600002884865
0.00159758900008455385
0.00014200099985828274
0.00131957100029467256
0.00014195199992173002
0.00132573800010504783
0.00014196499978424981
0.00013556299973060959
0.00080016200035970542
0.00007920999996713363
0.00130405699974289746
0.00008036300005187513
0.00130098399995404179
0.00007838200008336571
0.00007977099994604941
0.00121704599996519391
0.00002240000003439491
0.00121527100009188871
0.00002258700033053174
0.00121643900001799921
0.00002164300030926825
0.00002945500000350876
0.00022689999968861230
0.00004503499985730741
0.00006711600008202367
0.00127075299997159163
0.00004765799985761987
0.00006124099991211551
0.00011635100008788868
[87] forward pass time :  0.02808338199974969
0.00227687699998568860
0.00052307299984022393
0.00406321299988121609
0.00051719200018851552
0.00046084700034043635
0.00324480800009041559
0.00026901599994744174
0.00199591099999452126
0.00026700899979914539
0.00024245999975391896
0.00158007500021994929
0.00014258099963626591
0.00132532099996751640
0.00014152899984765099
0.00132430899975588545
0.00014185100008035079
0.00013483100019584526
0.00080126600005314685
0.00007859700008339132
0.00130452299981698161
0.00007833900008336059
0.00129813399962586118
0.00007829600008335547
0.00008852300015860237
0.00121811000008165138
0.00002293299985467456
0.00121452099983798689
0.00002180499996029539
0.00121597099996506586
0.00002206099998147693
0.00002963900033137179
0.00022910600000614068
0.00004540899999483372
0.00006780800003980403
0.00127154199981305283
0.00004700800036516739
0.00005983500022921362
0.00011551399984455202
[88] forward pass time :  0.028108055999837234
0.00229791800029488513
0.00052608099986173329
0.00405452600034550414
0.00051731700023083249
0.00046112300015010987
0.00321565200010809349
0.00026918799994746223
0.00198807700007819221
0.00026840100008485024
0.00024303100008182810
0.00157648999993398320
0.00014212600035534706
0.00131884800020998227
0.00014239199981602724
0.00132565800004158518
0.00014112399958321475
0.00013393400013228529
0.00080102799984160811
0.00007912299997769878
0.00130257299997538212
0.00007940600016809185
0.00129931799983751262
0.00007842800005164463
0.00007945800007291837
0.00121707700009210384
0.00002259800021420233
0.00121560500019768369
0.00002401599977019941
0.00121902099999715574
0.00002175800000259187
0.00003028099990842748
0.00022877499986861949
0.00004504699973040260
0.00006827100014561438
0.00127048600006673951
0.00004695000006904593
0.00005911200014452334
0.00011899600031028967
[89] forward pass time :  0.028114182999615878
0.00228564300005018595
0.00052687600009448943
0.00401908100002401625
0.00051983200000904617
0.00046372399992833380
0.00322762400037390762
0.00026852599967241986
0.00199197000029016635
0.00026752200028568041
0.00024264599960588384
0.00158553799974470166
0.00014245800002754549
0.00133460899996862281
0.00014295899973149062
0.00133334600013768068
0.00014061100000617444
0.00013492700009010150
0.00080439299972567824
0.00007919299969216809
0.00131568799997694441
0.00007902800007286714
0.00130825799988087965
0.00007854199975554366
0.00007949400014695129
0.00122623000015664729
0.00002344999984416063
0.00123096900006203214
0.00002197300000261748
0.00123200400003042887
0.00002187400014008745
0.00003116200014119386
0.00023111700011213543
0.00004577399977279129
0.00006817099983891239
0.00129276000006939285
0.00004921699974147487
0.00006201800033522886
0.00011942899982386734
[90] forward pass time :  0.028177168000183883
0.00228125000012369128
0.00052831299990430125
0.00406232300019837567
0.00051756299990302068
0.00046110900029816548
0.00324138999985734699
0.00026789999992615776
0.00200028600011137314
0.00026595700001053046
0.00024153599997589481
0.00160887400033971062
0.00014230199985831860
0.00133968000000095344
0.00014094899961492047
0.00133991799975774484
0.00014256899976317072
0.00013451099994199467
0.00081669700011843815
0.00007938999988255091
0.00131448199999795179
0.00007856599995648139
0.00130856000032508746
0.00007987600019987440
0.00007961400024214527
0.00122988699968118453
0.00002300300002389122
0.00122331000011399738
0.00002193500040448271
0.00122375300043131574
0.00002158699999199598
0.00003409800001463736
0.00022819400010121171
0.00004546900026980438
0.00006650299974353402
0.00127971900019474560
0.00004737400013254955
0.00006040899961590185
0.00011614200002441066
[91] forward pass time :  0.028241974999673403
0.00227839500030313502
0.00052196099977663835
0.00405464200002825237
0.00051680499973372207
0.00045992900004421244
0.00325218699981633108
0.00026905200002147467
0.00200219799990009051
0.00026698800002122880
0.00024166000002878718
0.00160628099956738879
0.00014139700033410918
0.00132517299971368629
0.00014124400013315608
0.00133372100026463158
0.00014088099987930036
0.00013439500025924644
0.00080563500023345114
0.00007852199996705167
0.00131188800014570006
0.00008137899976645713
0.00130916499983868562
0.00007843799994589062
0.00007920299958641408
0.00122653300013553235
0.00002243200015072944
0.00122139299992340966
0.00002239300010842271
0.00122460300008242484
0.00002169099980164901
0.00002977500025735935
0.00022846700039735879
0.00004521100026977365
0.00006670499988103984
0.00128014800020537223
0.00004666499989980366
0.00006068599986974732
0.00011613400010901387
[92] forward pass time :  0.028189005000058387
0.00227631100005964981
0.00052148999975543120
0.00405777899959502975
0.00051709799981836113
0.00046063599984336179
0.00324718299998494331
0.00026918100002149004
0.00198566100016250857
0.00026726699979917612
0.00024293900014527026
0.00158911799962879741
0.00014250300000639982
0.00133320800023284392
0.00014146100011203089
0.00132900399967184057
0.00014097299981585820
0.00013433399999485118
0.00080532299989499734
0.00007991400025275652
0.00131368300026224460
0.00007825800003047334
0.00130831599972225376
0.00007846199969208101
0.00007950100007292349
0.00122565099991334137
0.00002475600012985524
0.00122634400031529367
0.00002229099982287153
0.00122318900002937880
0.00002148000021406915
0.00002970400009871810
0.00022755800000595627
0.00004594699976223637
0.00006752499984941096
0.00128221099976144615
0.00004776700006914325
0.00006159899976410088
0.00011722199997166172
[93] forward pass time :  0.02816710300021441
0.00229307799963862635
0.00052309400007288787
0.00406029900022986112
0.00051863099997717654
0.00046160500005498761
0.00320389699982115417
0.00026853999997911160
0.00197973600006662309
0.00026780400003190152
0.00024385300002904842
0.00157887300019865506
0.00014221499986888375
0.00132673200005228864
0.00014164100002744817
0.00132448700014720089
0.00014194099958331208
0.00013460599984682631
0.00080236099984176690
0.00007899499996710801
0.00130540800000744639
0.00007806200028426247
0.00129563599966786569
0.00007878299993535620
0.00007905899974502972
0.00121903799981737393
0.00002262299994981731
0.00121296299994355650
0.00002131600012944546
0.00121640600036698743
0.00002380000023549655
0.00003040799992959364
0.00022632299987890292
0.00004478800019569462
0.00006718700024066493
0.00127959900009955163
0.00004759700004797196
0.00005969699986962951
0.00011758299979192088
[94] forward pass time :  0.028062144000159606
0.00229798400005165604
0.00052226800016796915
0.00403189299959194614
0.00051885299990317435
0.00046060600016062381
0.00319612499970389763
0.00026884999988396885
0.00199279399976148852
0.00026653099985196604
0.00024186600012399140
0.00158695599975544610
0.00014155799999571173
0.00132799399989380618
0.00014285499992183759
0.00133054200023252633
0.00014150300012261141
0.00013446699995256495
0.00080491600010645925
0.00007942199999888544
0.00131142999998701271
0.00007889100015745498
0.00130613900000753347
0.00007823799978723400
0.00007876400013628881
0.00122887899988199933
0.00002274200005558669
0.00122951999992437777
0.00002241100037281285
0.00123266199989302550
0.00002216600023530191
0.00003025500018338789
0.00023014200041870936
0.00004606400034390390
0.00006961300005059456
0.00129271899959348957
0.00004712100007964182
0.00006057000018699910
0.00011695600005623419
[95] forward pass time :  0.028137725999840768
0.00228448999996544444
0.00052450200018938631
0.00404831200012267800
0.00051900699963880470
0.00046102499982225709
0.00323499400019500172
0.00026853200006371480
0.00198936000015237369
0.00026734399989436497
0.00024219300030381419
0.00159753199977785698
0.00014142500003799796
0.00132832400004190276
0.00014318500006993418
0.00132739099990430987
0.00014142800000627176
0.00013515299997379771
0.00080200699994747993
0.00007978899975569220
0.00130609899997580214
0.00007969199987201137
0.00129943699994328199
0.00007873999993535108
0.00008002799995665555
0.00121913899965875316
0.00002246599979116581
0.00121545000001788139
0.00002281799970660359
0.00121440300017638947
0.00002325499963262700
0.00003127499985566828
0.00022906700041858130
0.00004536799997367780
0.00006878100020912825
0.00127270199982376653
0.00004672299974117777
0.00005985100006000721
0.00011608500017246115
[96] forward pass time :  0.028125385999828723
0.00154941000027974951
0.00036458200020206277
0.00268704499967498123
0.00035635000040201703
0.00033129400026155054
0.00220929199986130698
0.00019563499972719001
0.00136646099963400047
0.00019095299967375468
0.00018562099967311951
0.00106144900018989574
0.00010901399991780636
0.00095069799999691895
0.00011192400006621028
0.00096431400015717372
0.00010837399986485252
0.00011498699996081996
0.00063532700005453080
0.00006892999999763560
0.00101292699991972768
0.00006765099988115253
0.00101635100008934387
0.00006805200018789037
0.00007758999981888337
0.00097062499980893335
0.00003909199995177914
0.00096396799972353620
0.00003800900003625429
0.00096239000004061381
0.00003722699966601795
0.00005292600008033332
0.00024553499997637118
0.00004609300003721728
0.00008188299989342340
0.00099409999984345632
0.00004610400037563522
0.00006036700006006868
0.00015569300012430176
[97] forward pass time :  0.020815489000142406
Finished Training
