0.00465429499990932527
0.00102810299995326204
0.00801542999988669180
0.00102164700001594611
0.00090034599998034537
0.00627914100005000364
0.00052279500005170121
0.00393022499974904349
0.00051993299985042540
0.00046167999971657991
0.00305330500032141572
0.00026830399974642205
0.00260427299963339465
0.00026674199989429326
0.00260708200039516669
0.00026886699970418704
0.00024435800014543929
0.00150398200003110105
0.00014166200026011211
0.00245515100004922715
0.00014178400033415528
0.00247181399981855066
0.00014178099991113413
0.00013268700013213675
0.00229439600025216350
0.00004901600004814100
0.00234603699982471881
0.00004986199974155170
0.00242104900007689139
0.00004759300009027356
0.00005259299996396294
0.00042934900011459831
0.00007778200006214320
0.00011760500001400942
0.00266917099997954210
0.00007803300013620174
0.00010164000013901386
0.00016043699997680960
[5] forward pass time :  0.05469621099973665
0.00465238900005715550
0.00103096500015453785
0.00800564300016048946
0.00102171500020631356
0.00090200500017090235
0.00627893099999710103
0.00052066200032641063
0.00391824100006488152
0.00051817999974446138
0.00046024599987504189
0.00307717999976375722
0.00026720500000010361
0.00261159100000440958
0.00026668999998946674
0.00261539199982507853
0.00026774100024340441
0.00024420299996563699
0.00151339500007452443
0.00014204199987943866
0.00247235799997724826
0.00014203099999576807
0.00248971899964089971
0.00014122599986876594
0.00013459699994200491
0.00231924899981095223
0.00004868700034421636
0.00238467700000910554
0.00004951199980496312
0.00238436900008309749
0.00004737300014312495
0.00005307099991114228
0.00042849100009334506
0.00007767699980831821
0.00012153299985584454
0.00263101899963658070
0.00007825700004104874
0.00010159499970541219
0.00015801300014572917
[6] forward pass time :  0.05474862699975347
0.00472014199976911186
0.00102883799991104752
0.00801158399963242118
0.00102060300014272798
0.00090212499981134897
0.00628963899998780107
0.00052013599997735582
0.00395495499969911180
0.00052026100001967279
0.00046228900009737117
0.00305107199983467581
0.00026805600009538466
0.00259887999982311158
0.00026799300030688755
0.00260068500028864946
0.00026813900012712111
0.00025030100005096756
0.00150665699993624003
0.00014308999971035519
0.00246427000001858687
0.00014242699990063556
0.00246889799973359914
0.00014149399976304267
0.00013431100023808540
0.00236526300022887881
0.00004932299998472445
0.00238224199983960716
0.00005589100010183756
0.00238471600005141227
0.00004748600031234673
0.00005224100004852517
0.00042583399999784888
0.00007849099984014174
0.00011727999981303583
0.00262354699998468277
0.00007796800036885543
0.00010218400029771146
0.00016137600005095010
[7] forward pass time :  0.05482696500030215
0.00465908100022716098
0.00102765399969939608
0.00803093800004717195
0.00102091300004758523
0.00089852100018106285
0.00631837100036136690
0.00052051800003027893
0.00393767500008834759
0.00051956799961772049
0.00046037600031922921
0.00301271400030600489
0.00026792200014824630
0.00258316600002217456
0.00027292599997963407
0.00258370800020202296
0.00026878800008489634
0.00024350900002900744
0.00148386799992294982
0.00014223300013327389
0.00242452800011960790
0.00014223500011212309
0.00244971199981591781
0.00014085400016483618
0.00013274000002638786
0.00239319799993609195
0.00004900399972029845
0.00238312599958589999
0.00004982400014341692
0.00238349299979745410
0.00004761199988934095
0.00005348400009097531
0.00042588499991325079
0.00007900600030552596
0.00012037999977110303
0.00263874999973268132
0.00007969699981913436
0.00010799400024552597
0.00015960000018822029
[8] forward pass time :  0.054735261000132596
0.00467724899999666377
0.00102666399970985367
0.00813660199992227717
0.00116461699963110732
0.00100153999983376707
0.00635483299993211403
0.00052640900003098068
0.00394432899975072360
0.00052026799994564499
0.00046253199980128556
0.00301404799984084093
0.00026960400009556906
0.00258504500015988015
0.00026851900020119501
0.00258467899993775063
0.00026772199998958968
0.00024535800002922770
0.00153580500000316533
0.00014399100018636091
0.00251589200024682214
0.00014138799997454043
0.00252491599985660287
0.00014351399977385881
0.00013528999988920987
0.00234966600010011462
0.00004934199978379183
0.00234308400013105711
0.00004826800022783573
0.00234053099984521396
0.00004751200003738631
0.00005443899999590940
0.00045011100019110017
0.00008060500022111228
0.00017579500035935780
0.00258474799966279534
0.00007942600041133119
0.00010424400034025894
0.00015920999976515304
[9] forward pass time :  0.0553850380001677
0.00467025699981604703
0.00102713099977336242
0.00805877199991300586
0.00102126599995244760
0.00090012999999089516
0.00627202799978476833
0.00052119299971309374
0.00393244299993966706
0.00051832799999829149
0.00046227300026657758
0.00300910500027384842
0.00026939300005324185
0.00258067000004302827
0.00026789100002133637
0.00263521700026103645
0.00026616699960868573
0.00024466200011374895
0.00153233699984411942
0.00014266500011217431
0.00251368799990814296
0.00014318600005935878
0.00252602499995191465
0.00014144600027066190
0.00013423100017462275
0.00234478599986687186
0.00004842299995289068
0.00234127000021544518
0.00004768799999510520
0.00233970099998259684
0.00004762600019603269
0.00005389800026023295
0.00041672699990158435
0.00007810399984009564
0.00011367900015102350
0.00258435800014922279
0.00007885100012572366
0.00010431900000185124
0.00016151999989233445
[10] forward pass time :  0.05472311899984561
0.00469006299999819021
0.00103242800014413660
0.00803974600012224982
0.00102096099999471335
0.00090657000009741751
0.00630306600032781716
0.00052160599989292677
0.00395158399987849407
0.00051910599995608209
0.00046410899994953070
0.00301250599977720412
0.00026926400005322648
0.00258371600011741975
0.00026688099978855462
0.00263677500015546684
0.00026682999987315270
0.00024510399998689536
0.00153078299990738742
0.00014347200021802564
0.00251420800032065017
0.00014318400008050958
0.00252349499987758463
0.00014126699988992186
0.00013550499988923548
0.00234499900034279563
0.00004924199993183720
0.00234150799997223658
0.00004800000033355900
0.00234216499984540860
0.00004728099975181976
0.00005354500035537058
0.00042329699999754666
0.00007833900008336059
0.00011996200009889435
0.00263927800006058533
0.00007881099963924498
0.00010462299997016089
0.00016306599991366966
[11] forward pass time :  0.054873546000180795
0.00464576100011981907
0.00102643400032320642
0.00806930499993541162
0.00102091799999470823
0.00089875200001188205
0.00626647799981583375
0.00052100099992458127
0.00391243300009591621
0.00051863400040019769
0.00046023999993849429
0.00300479399993491825
0.00026847399976759334
0.00260703499998271582
0.00026707400002123904
0.00262644700023884070
0.00026627299985193531
0.00024293600017699646
0.00152162700032931753
0.00014179599975250312
0.00249505600004340522
0.00014321400021799491
0.00250755800016122521
0.00014157300029182807
0.00013482400026987307
0.00232866200030912296
0.00004841400004806928
0.00232186499988529249
0.00004851399990002392
0.00232331699999122065
0.00004741500015370548
0.00005268800032354193
0.00041572899999664514
0.00007791500001985696
0.00011674500001390697
0.00269534600010956638
0.00007860400000936352
0.00010281000004397356
0.00016225399986069533
[12] forward pass time :  0.05469289000029676
0.00470011399966097088
0.00102718900006948388
0.00804065700003775419
0.00101999200023783487
0.00089951100017060526
0.00628276000043115346
0.00051970799995615380
0.00396709000006012502
0.00051930000017819111
0.00046178899992810329
0.00302755099983187392
0.00026711400005297037
0.00262064900016412139
0.00026621999995768419
0.00262595599997439422
0.00026623599978847778
0.00024348599981749430
0.00152144499998030369
0.00014992200021879398
0.00249507800026549376
0.00014115200019659824
0.00250173399990671896
0.00014142200006972416
0.00013358499973037397
0.00232748500002344372
0.00004814800013264176
0.00232147999986409559
0.00004769899987877579
0.00238851099993553362
0.00004857000021729618
0.00005311299992172280
0.00043159100005141227
0.00007869399996707216
0.00011611300033109728
0.00266921299999012263
0.00007834699999875738
0.00010200699989582063
0.00015922800002954318
[13] forward pass time :  0.0548735810002654
0.00468933199999810313
0.00102756799969938584
0.00800096300008590333
0.00102067799980432028
0.00090034699996976997
0.00628389400026208023
0.00051979599993501324
0.00393328800009840052
0.00051925700017818599
0.00046031200008656015
0.00304915500009883544
0.00026830100023289560
0.00260256900037347805
0.00026627099987308611
0.00260254100021484192
0.00026674699984141625
0.00024278499995489256
0.00150373499991474091
0.00014399600013348390
0.00246085899971149047
0.00014131500029179733
0.00247015000013561803
0.00014185899999574758
0.00013453599967760965
0.00229629799969188753
0.00004815100010091555
0.00232775600034074159
0.00004730499995275750
0.00241599000037240330
0.00005707099990104325
0.00005290200033414294
0.00043176400004085735
0.00007817899995643529
0.00011470300023574964
0.00266954300013821921
0.00007848499990359414
0.00010174199996981770
0.00015922200009299559
[14] forward pass time :  0.054695177000212425
0.00468537500000820728
0.00102827400041860528
0.00800191799999083742
0.00102011899980425369
0.00090135099981125677
0.00627713399990170728
0.00052028799973413697
0.00392459199974837247
0.00051819300006172853
0.00046026699965295848
0.00307238699997469666
0.00026836600000024191
0.00260702400009904522
0.00026682699990487890
0.00261615199997322634
0.00026686399996833643
0.00024351799993382883
0.00151213100025415770
0.00014335600008053007
0.00247526499970263103
0.00014113400038695545
0.00248997000016970560
0.00014130899990050239
0.00013404999981503352
0.00231727399977899040
0.00004943500016452163
0.00239721400021153386
0.00004821299989998806
0.00239680599997882382
0.00004885199996351730
0.00005284600001687068
0.00042531500002951361
0.00007762699988234090
0.00011302199982310412
0.00264480299983915756
0.00007826199998817174
0.00010229200006506289
0.00015941399988150806
[15] forward pass time :  0.05479066700036128
0.00472284100032993592
0.00103238900010182988
0.00802051700020456337
0.00102177200005826307
0.00090467700010776753
0.00627796600019792095
0.00052034800000910764
0.00398333400016781525
0.00051915699987148400
0.00046165999992808793
0.00304765800001405296
0.00026813000022229971
0.00260093699989738525
0.00026703399998950772
0.00260084499996082741
0.00026647200002116733
0.00024330699989150162
0.00150064599984034430
0.00014377599973158794
0.00245773999995435588
0.00014163100013320218
0.00247011500005100970
0.00014237699997465825
0.00013477400034389575
0.00237141700017673429
0.00004872900035479688
0.00238154699991355301
0.00004754700012199464
0.00238186700016740360
0.00004872299996350193
0.00005301600003804197
0.00042946599978677114
0.00007754900025247480
0.00011779499982367270
0.00263036400019700523
0.00007803899961800198
0.00010324200002287398
0.00015923299997666618
[16] forward pass time :  0.05485334100012551
0.00465415100006794091
0.00102838100019653211
0.00803076199963470572
0.00101988400001573609
0.00089820800030793180
0.00631512300014946959
0.00052003699966007844
0.00392266800008655991
0.00051957899995613843
0.00046140199992805719
0.00300594300006196136
0.00026803499986272072
0.00258328800009621773
0.00026756299985208898
0.00258874199971614871
0.00026638800000000629
0.00024364999990211800
0.00148210599991216441
0.00014336099957290571
0.00242623900021499139
0.00014189300009093131
0.00245742000015525264
0.00014172099963616347
0.00013401299975157599
0.00240212900007463759
0.00004925199982608319
0.00239580799961913726
0.00004803699994226918
0.00239545099975657649
0.00004907999982606270
0.00005318200010151486
0.00043033900010414072
0.00007933100005175220
0.00011457799973868532
0.00264799899969148100
0.00007861100039008306
0.00010243299993817345
0.00015843199980736244
[17] forward pass time :  0.05473825399985799
0.00467837499991219374
0.00102808300016477006
0.00807989899976746528
0.00101930099981473177
0.00089952100006485125
0.00630373700005293358
0.00052004400004079798
0.00393095099980200757
0.00051939600007244735
0.00046136599985402427
0.00300309399972320534
0.00026807199992617825
0.00257427999986248324
0.00026798799990501720
0.00258411899994825944
0.00027388699982111575
0.00024323999969055876
0.00148325300006035832
0.00014241399958336842
0.00242623699978139484
0.00014155999997456092
0.00258326499988470459
0.00014098799965722719
0.00013428099964585272
0.00240216600013809511
0.00004845099965677946
0.00239456799999970826
0.00004937499988955096
0.00239559999999983120
0.00004730999989988049
0.00005230699980529607
0.00042753399975481443
0.00007788800030539278
0.00011618099961197004
0.00264591300037864130
0.00007780199985063518
0.00010209099991698167
0.00015880599994488875
[18] forward pass time :  0.05486778800013781
0.00467525099975318881
0.00102640099976269994
0.00805838900032540550
0.00101954999990994111
0.00089867399992726860
0.00629744700017909054
0.00052017300004081335
0.00391525800023373449
0.00051927200001955498
0.00046049599995967583
0.00300677099994572927
0.00026751799987323466
0.00257719499995801016
0.00026779000017995713
0.00258655700008603162
0.00026818600008482463
0.00024407000000792323
0.00148394999996526167
0.00014249099967855727
0.00250446600011855480
0.00014213399981599650
0.00254334800001743133
0.00014145400018605869
0.00013401600017459714
0.00236294400019687600
0.00004785400005857809
0.00235970099993210169
0.00004971799990016734
0.00236093899957268150
0.00004831200021726545
0.00005225999984759255
0.00042207699971186230
0.00007777400014674640
0.00011785900005634176
0.00260094199984450825
0.00007765800000925083
0.00010143800000150804
0.00015559399980702437
[19] forward pass time :  0.05470002900028703
0.00467953799989118124
0.00103724299970053835
0.00799980900001173723
0.00102342199988925131
0.00091115199984415085
0.00624033899975984241
0.00052148299982945900
0.00392613299982258468
0.00052031299992449931
0.00046301699967443710
0.00305739700024787453
0.00026879500001086853
0.00260692599977119244
0.00026882199972533272
0.00260237100019367062
0.00026886599971476244
0.00024554399988119258
0.00150813900017965352
0.00014505199987979722
0.00246201500021925312
0.00014333400031318888
0.00247166500003004330
0.00014276000001700595
0.00013602199987872154
0.00232221300029777922
0.00004953999996359926
0.00238485599993509823
0.00004859899991060956
0.00238364000006185961
0.00004967700033375877
0.00005476099977386184
0.00043024000024161069
0.00007930899982966366
0.00012439000010999735
0.00262559800012240885
0.00007884600017860066
0.00010424199990666239
0.00016115199969135574
[20] forward pass time :  0.054729748999761796
0.00469010699998761993
0.00103190900017580134
0.00802699799987749429
0.00102194500004770816
0.00090267800032961532
0.00629512900013651233
0.00052105199983998318
0.00394191200030036271
0.00052099999993515667
0.00046137499975884566
0.00303286099961042055
0.00026929399973596446
0.00259196899969538208
0.00026884799990511965
0.00259517199992842507
0.00026807400035977480
0.00024449800002912525
0.00149852999993527192
0.00014493300022877520
0.00244534100011151168
0.00014291099978436250
0.00245395199999620672
0.00014303299985840567
0.00013648699996338109
0.00234200299973963411
0.00004983899998478591
0.00238387900026282296
0.00004881299992121058
0.00238304399999833549
0.00005012499968870543
0.00005484699977387208
0.00042931100006171619
0.00007993100007297471
0.00011940900003537536
0.00262667100014368771
0.00007941500007291324
0.00010165999992750585
0.00016021399960663985
[21] forward pass time :  0.054732085000068764
0.00470741800018004142
0.00103027300019675749
0.00803627499999493011
0.00102172400011113496
0.00090183100019203266
0.00630009799988329178
0.00052105599979768158
0.00392417400007616379
0.00052115699963906081
0.00046189300019250368
0.00301279899986184319
0.00026917500008494244
0.00258713500033991295
0.00026888599995800178
0.00258497300001181429
0.00026783699968291330
0.00024486900019837776
0.00148345000025074114
0.00014494799961539684
0.00242724400004590279
0.00014282699976320146
0.00245397299977412331
0.00014295299979494303
0.00013469899977280875
0.00240439499975764193
0.00005049999981565634
0.00239823399988381425
0.00004951799974151072
0.00239637399999992340
0.00004932599995299825
0.00005420100023911800
0.00042876600036834134
0.00007882399995651213
0.00012000900005659787
0.00264610300018830458
0.00007946000005176757
0.00010357400014981977
0.00016083899981822469
[22] forward pass time :  0.05477899299967248
0.00467869199974302319
0.00103031199978431687
0.00806825100016794750
0.00102067499983604648
0.00090045600018129335
0.00632520899989685859
0.00052110199976596050
0.00393113600011929520
0.00052104900032645673
0.00046074600004430977
0.00300964999996722327
0.00026955400016959175
0.00258060800024395576
0.00026888200000030338
0.00258903099984308938
0.00026777199991556699
0.00024452100024063839
0.00148645600029340130
0.00014424499977394589
0.00242772199999308214
0.00014332899991131853
0.00253789199996390380
0.00014267200003814651
0.00013558699993154733
0.00240116300028603291
0.00005050299978393014
0.00239624200003163423
0.00004942699979437748
0.00239970099983111140
0.00004976899981556926
0.00005408799961514887
0.00042879600005107932
0.00007918000028439565
0.00011588999996092753
0.00264613299987104256
0.00007923800012576976
0.00010353699963161489
0.00016073200004029786
[23] forward pass time :  0.054884072999811906
0.00470371099982003216
0.00103202299987970036
0.00804296400019666180
0.00102224600004774402
0.00091344000020399108
0.00629619100027412060
0.00052205299971319619
0.00396724299980633077
0.00051993299985042540
0.00046127799987516482
0.00301224800023192074
0.00026952899997922941
0.00259557000026688911
0.00026759200000014971
0.00264151200008200249
0.00026719400011643302
0.00024690000009286450
0.00153888500017274055
0.00014302499994300888
0.00251657799981330754
0.00014238199992178124
0.00252628699990964378
0.00014369099972100230
0.00013529699981518206
0.00235593700017489027
0.00004932499996357365
0.00234700200007864623
0.00004828900000575231
0.00234665700008918066
0.00004830500029129325
0.00005408800006989622
0.00042897100001937361
0.00007812900003045797
0.00012850900020566769
0.00264330000027257483
0.00007936099973449018
0.00010450799982208991
0.00016844099991430994
[24] forward pass time :  0.055002465000143275
0.00468251100028282963
0.00102737599991087336
0.00806152499990275828
0.00103798999998616637
0.00090750800018213340
0.00627842799985955935
0.00052158799962853664
0.00390565199995762669
0.00051856800018867943
0.00046047399973758729
0.00300601399976585526
0.00026923700033876230
0.00264523099986035959
0.00026716000002124929
0.00264166800025122939
0.00026681100007408531
0.00024364599994441960
0.00153270300006624893
0.00014221399987945915
0.00251268200008780695
0.00014323699997476069
0.00252368099972954951
0.00014290299986896571
0.00013647700006913510
0.00234991799970885040
0.00004894000039712409
0.00234108099994045915
0.00004861800016442430
0.00234138199994049501
0.00004750000016429112
0.00005271899999570451
0.00043776799975603353
0.00007866999976613442
0.00011417499990784563
0.00271175700027015409
0.00007902900006229174
0.00010333199998058262
0.00016266200009340537
[25] forward pass time :  0.05495612300001085
0.00466457999982594629
0.00103173400020750705
0.00803638599973055534
0.00102050699979372439
0.00090051500001209206
0.00628149400017719017
0.00052056300000913325
0.00392430400006560376
0.00051880199998777243
0.00046096500000203378
0.00302016800014826003
0.00026907899973593885
0.00263374899986956734
0.00028177799958939431
0.00263822299984894926
0.00026729299997896305
0.00024435000023004250
0.00152278600035060663
0.00014229599992177100
0.00249553200001173536
0.00014309600010165013
0.00251001600008748937
0.00014185700001689838
0.00013668900010088691
0.00233250700011922163
0.00004851799985772232
0.00232594499993865611
0.00005465700041895616
0.00238164699976550764
0.00004845700004807441
0.00005425500012279372
0.00043782200009445660
0.00008014900004127412
0.00011844500022561988
0.00269112100022539380
0.00007807900010448066
0.00010150800017072470
0.00016089299970190041
[26] forward pass time :  0.0549392370003261
0.00469530899999881512
0.00103583300005993806
0.00799344300003212993
0.00113470999986020615
0.00092462800012071966
0.00628632000007200986
0.00052273899973442894
0.00390331199969295994
0.00052042800007257028
0.00046154599976944155
0.00299469199990198831
0.00026918399998976383
0.00263265700004922110
0.00026648299990483792
0.00263547300028221798
0.00026631799983078963
0.00024421499983873218
0.00153179800008729217
0.00014415699979508645
0.00251258100024642772
0.00014135800029180245
0.00252470399982485105
0.00014172900000630761
0.00013460499985740171
0.00234790799959228025
0.00004919599996355828
0.00234236799997233902
0.00004808600033356925
0.00234256500016272184
0.00005006799983675592
0.00005487899989020661
0.00042722799980765558
0.00007847100005164975
0.00012132600022596307
0.00270720100024846033
0.00007909000032668700
0.00010212600000159000
0.00016464299960716744
[27] forward pass time :  0.0550145820002399
0.00468632599995544297
0.00102515100024902495
0.00805619399989154772
0.00102101300035428721
0.00089678099993761862
0.00628162699968015659
0.00051958899985038443
0.00399236300017946633
0.00051961899998786976
0.00046107799971650820
0.00305806899996241555
0.00026865500012718257
0.00315151699987836764
0.00033265299998674891
0.00265317299999878742
0.00027330900002198177
0.00026574000003165565
0.00152220700010730070
0.00014484500024991576
0.00248141499969278811
0.00014285499992183759
0.00249108200023329118
0.00014335900004880386
0.00013601500040749670
0.00231450299997959519
0.00004972499982613954
0.00232608300029824022
0.00004933400032314239
0.00242387699972823611
0.00004993899983674055
0.00005537999959415174
0.00043982199986203341
0.00007925599993541255
0.00012722800011033542
0.00267227000040293206
0.00007812700005160877
0.00010379900004409137
0.00016513700029463507
[28] forward pass time :  0.0556651150000107
0.00465605999988838448
0.00102575400023852126
0.00801468300005581114
0.00102273399988916935
0.00090295300014986424
0.00627553999993324396
0.00052035399994565523
0.00395078700012163608
0.00051808899979732814
0.00045913899975857930
0.00307536900027116644
0.00026817200023288024
0.00261045399975046166
0.00026726700025392347
0.00261593200002607773
0.00026808600023286999
0.00024386799987041741
0.00151398399975732900
0.00014241099961509462
0.00247690600008354522
0.00014245500005927170
0.00248856300004263176
0.00100962700025775121
0.00020659999972849619
0.00239718600005289773
0.00005693799994332949
0.00240346000009594718
0.00004977799972039065
0.00240278699993723421
0.00004829199997402611
0.00005478200000652578
0.00043730299967137398
0.00007811700015736278
0.00012389400035317522
0.00264980900010414189
0.00007778900044286274
0.00010065099968414870
0.00016451600004074862
[29] forward pass time :  0.055910025000230235
0.00466066999979375396
0.00102605299980496056
0.00804595699992205482
0.00102116099969862262
0.00089925599968410097
0.00628467200021987082
0.00052129599998806952
0.00394213800018405891
0.00051948100008303300
0.00046110399989629514
0.00302955600000132108
0.00026967000030708732
0.00259199799984344281
0.00026689200012697256
0.00259700400010842714
0.00026852499968299526
0.00024463999989166041
0.00149342700024135411
0.00014224699998521828
0.00244154800020623952
0.00014193499964676448
0.00245113800019680639
0.00014190499996402650
0.00013390699996307376
0.00236313999994308688
0.00004805800017493311
0.00238273700006175204
0.00004975499996362487
0.00238918900004136958
0.00006359700000757584
0.00005775499994342681
0.00042252100001860526
0.00007825400007277494
0.00011829499999294057
0.00263448500027152477
0.00007857800028432393
0.00010208599996985868
0.00015914899995550513
[30] forward pass time :  0.054706426999928226
0.00467445800040877657
0.00102934200003801379
0.00805685699970126734
0.00102096699993126094
0.00090055200007554959
0.00631745600003341679
0.00052076099973419332
0.00395699000000604428
0.00051953000001958571
0.00046093699984339764
0.00300713700016785879
0.00026834500022232533
0.00258213200004320242
0.00026771699958771933
0.00257891699993706425
0.00026868499980992055
0.00024413000028289389
0.00148320200014495640
0.00014337599986902205
0.00242957500040574814
0.00014207400045052054
0.00244040800043876516
0.00014173299996400601
0.00013453800011120620
0.00240157600001111859
0.00004876899993178085
0.00241361200005485443
0.00004872399995292653
0.00239624499999990803
0.00004822799974135705
0.00005360300019674469
0.00042717099995570607
0.00007790300014676177
0.00011524699993969989
0.00264623900011429214
0.00007860999994591111
0.00010359999987485935
0.00015873800020926865
[31] forward pass time :  0.05477294299998903
0.00468266500001845998
0.00102623499969922705
0.00805447799984904123
0.00102069099966684007
0.00089788800005408120
0.00631076999979995890
0.00052150800001982134
0.00393611599974974524
0.00051914200003011501
0.00045982500023455941
0.00300931299989315448
0.00026821099982043961
0.00258138600020174636
0.00026891100014836411
0.00258587000007537426
0.00026705300024332246
0.00024409199977526441
0.00148294099972190452
0.00014252500022848835
0.00242505400001391536
0.00014165600032356451
0.00249839800017070957
0.00014107600009083399
0.00013312300006873556
0.00240339699985270272
0.00005154900009074481
0.00239996700020128628
0.00004785800001627649
0.00239564599996811012
0.00004857500016441918
0.00005372099985834211
0.00042827600009331945
0.00007809900034771999
0.00011354800017215894
0.00264048200006072875
0.00007845500022085616
0.00010393000002295594
0.00015850999989197589
[32] forward pass time :  0.054785601000276074
0.00467969100009213435
0.00102856000012252480
0.00805909100017743185
0.00102427399997395696
0.00090563300000212621
0.00630805600030726055
0.00052206899999873713
0.00393301300027815159
0.00051916199981860700
0.00046152799995979876
0.00300624299961782526
0.00026821700021173456
0.00258187700001144549
0.00026846700029636850
0.00258435600017037359
0.00026858000001084292
0.00024519199996575480
0.00148733300011372194
0.00014356499968926073
0.00250429399966378696
0.00014205400020728121
0.00256767500013665995
0.00014173899990055361
0.00013659999967785552
0.00238960600017890101
0.00004971299995304435
0.00238349900018874905
0.00004807100003745290
0.00238207700022030622
0.00004781999996339437
0.00005341499991118326
0.00042722500029412913
0.00007916300000943011
0.00011456499987616553
0.00262771799998517963
0.00007860799996706191
0.00010038800019174232
0.00015614800031471532
[33] forward pass time :  0.05489206800029933
0.00468505800017737783
0.00102803200024936814
0.00807711600009497488
0.00102073400012159254
0.00089858699993783375
0.00630065900031695492
0.00052071200025238795
0.00396922499976426479
0.00051837799992426881
0.00045976299998073955
0.00302674299973659799
0.00026763100004245644
0.00264617999982874608
0.00026672200010580127
0.00265687699993577553
0.00026878500011662254
0.00024489599991284194
0.00154527499989853823
0.00014288700003817212
0.00253357599967785063
0.00014185099962560344
0.00254103099996427773
0.00014203099999576807
0.00013467600001604296
0.00236723800026084064
0.00005026000008001574
0.00236286399967866600
0.00004833000002690824
0.00242826099974990939
0.00004823500012207660
0.00005355700022846577
0.00044243999991522287
0.00007916499998827931
0.00011422599982324755
0.00271273400039717671
0.00007867299973440822
0.00010280900005454896
0.00016256299977612798
[34] forward pass time :  0.055251236999993125
0.00469627599977684440
0.00102953700024954742
0.00801214600005550892
0.00102005400003690738
0.00089868400027626194
0.00629367199962871382
0.00052068800005145022
0.00393049700005576597
0.00051917900009357254
0.00046094599974821904
0.00301378400035900995
0.00026872099988395348
0.00258092600006420980
0.00026884199996857205
0.00258292700027595856
0.00026786199987327564
0.00024337700006071827
0.00148639999997612904
0.00014387800001713913
0.00250690799975927803
0.00014179999971020152
0.00258096700008536573
0.00014146600005915388
0.00013421999983620481
0.00241590699988591950
0.00005178899982638541
0.00240075000010619988
0.00005003999967811978
0.00239805399996839697
0.00004779900018547778
0.00005384700034483103
0.00042801400013559032
0.00007824599970263080
0.00011417199993957183
0.00264575099981811945
0.00007842399963919888
0.00010364200034018722
0.00015922900001896778
[35] forward pass time :  0.05498999900009949
0.00465681200012113550
0.00102956699993228540
0.00802737300000444520
0.00102105099995242199
0.00089985600016007083
0.00628448599991315859
0.00052183099978719838
0.00397706500007188879
0.00051916200027335435
0.00046109300001262454
0.00305669599993052543
0.00026784299961946090
0.00263960600022983272
0.00026671700015867827
0.00263383699984842679
0.00026655400006347918
0.00024415400002908427
0.00153812700000344194
0.00014180700009092106
0.00251128700028857565
0.00014289299997471971
0.00252464899995175074
0.00014157099985823152
0.00013459000001603272
0.00234979700007897918
0.00004914600003758096
0.00234404499997253879
0.00004820200001631747
0.00242994299969723215
0.00004717699994216673
0.00006148900001790025
0.00043833400013681967
0.00007899599995653261
0.00011664399971778039
0.00272423300020818715
0.00007798400019964902
0.00010036899993792758
0.00016046400014602114
[36] forward pass time :  0.05510536500014496
0.00468233999981748639
0.00103082600026027649
0.00804078200008007116
0.00102083599995239638
0.00090333500020278734
0.00631103999967308482
0.00052253600006224588
0.00396512199995413539
0.00051975499991385732
0.00046233000011852710
0.00301226700003098813
0.00026856000022235094
0.00258075600004303851
0.00026961699995808885
0.00259015599976919475
0.00026854499992623460
0.00024397100014539319
0.00148224299982757657
0.00014377900015460909
0.00245393299974239198
0.00014324399990073289
0.00260662400023647933
0.00014394700019693119
0.00013483500015354366
0.00242954699979236466
0.00004967399991073762
0.00242087400010859710
0.00004951000028086128
0.00242346699997142423
0.00004829899989999831
0.00005381900018619490
0.00043280199997752788
0.00007882799991421052
0.00011784000025727437
0.00267773699988538283
0.00007904099993538694
0.00010580600019238773
0.00016465299995616078
[37] forward pass time :  0.055106487999637466
0.00465259099973991397
0.00102549499979431857
0.00807424399999945308
0.00101924000000508386
0.00089979099993797718
0.00631894399975863053
0.00052125799993518740
0.00394772900017414941
0.00051936799991381122
0.00046140799986460479
0.00303042199993797112
0.00026937599977827631
0.00259840699982305523
0.00026825599979929393
0.00259834099961153697
0.00026725999987320392
0.00024581400020906585
0.00149249600008261041
0.00014362299998538219
0.00253075899991017650
0.00014276799993240274
0.00256994699975621188
0.00014156299994283472
0.00013435600021693972
0.00238841899999897578
0.00004982000018571853
0.00238689700017857831
0.00004855899987887824
0.00239000400006261771
0.00004745000023831381
0.00005419699982667225
0.00042306400018787826
0.00007885500008342206
0.00011344899985488155
0.00262998000016523292
0.00007965099985085544
0.00010237300011795014
0.00016479200030516949
[38] forward pass time :  0.055001897999773064
0.00468300400007137796
0.00103628399983790587
0.00804681800036632922
0.00102029799973024637
0.00091406900037327432
0.00629626999989341130
0.00052162099973429576
0.00393444800010911422
0.00051874299970222637
0.00046128600024530897
0.00303250700017088093
0.00026786300031744759
0.00259232799999153940
0.00026801300009537954
0.00259574900019288179
0.00026681099961933796
0.00024427300013485365
0.00154278799982421333
0.00014381199980562087
0.00253425000028073555
0.00014301500004876289
0.00254540200012343121
0.00014292200012278045
0.00013641299983646604
0.00236794399961581803
0.00004909800009045284
0.00236221200020736433
0.00004791899982592440
0.00236104599980535568
0.00004842899988943827
0.00005520900003830320
0.00042836600005102810
0.00008019899996725144
0.00012799200021618162
0.00260391999972853228
0.00007824900012565195
0.00010303799990651896
0.00015651899957447313
[39] forward pass time :  0.05496034800034977
0.00469839000015781494
0.00103030099990064627
0.00808771399988472695
0.00102114399987840443
0.00090956599979108432
0.00631392900004357216
0.00052038999956494081
0.00395401000014317106
0.00051951300019936753
0.00046201699979064870
0.00303106399996977416
0.00026836699998966651
0.00259836700024607126
0.00026790700030687731
0.00265514400007305085
0.00026676800007408019
0.00024482999970132369
0.00154840999994121375
0.00014375999990079436
0.00254027200026030187
0.00014190899992172490
0.00254733000019768951
0.00014159900001686765
0.00013388800016400637
0.00237035100008142763
0.00004910999996354803
0.00236571499999627122
0.00004831100022784085
0.00236229399979492882
0.00004904400020677713
0.00005360300019674469
0.00042719600014606840
0.00007816600009391550
0.00012079499992978526
0.00262377299986837897
0.00007862999973440310
0.00010209799984295387
0.00016371399988202029
[40] forward pass time :  0.0551223590000518
0.00467131599998538150
0.00102801000002727960
0.00807490200031679706
0.00102084099989951937
0.00090261600007579545
0.00628147299994452624
0.00052062900022065151
0.00393651300009878469
0.00051942099980806233
0.00046199500002330751
0.00302622900017013308
0.00026856300019062473
0.00262776699992173235
0.00026713500028563431
0.00263939299975390895
0.00026729299997896305
0.00024419600003966480
0.00153245399997103959
0.00014238299991120584
0.00251077099983376684
0.00014211600000635372
0.00252232999991974793
0.00014207699996404699
0.00013773399996352964
0.00234918900014235987
0.00004875200011156267
0.00234211700035302783
0.00004933099990012124
0.00234318800039545749
0.00004790999992110301
0.00005389699981606100
0.00042159099984928616
0.00007848199993532035
0.00012214200023663579
0.00272022799981641583
0.00007904399990366073
0.00010235800027658115
0.00016475300026286277
[41] forward pass time :  0.0549772739996115
0.00469790599981934065
0.00102427699994223076
0.00806213799978650059
0.00102038199975140742
0.00089886100022340543
0.00631383600011758972
0.00051993099987157620
0.00393635399996128399
0.00051960399969175342
0.00046108700007607695
0.00306401699981506681
0.00026709799976742943
0.00262779000013324548
0.00026646900005289353
0.00262381099992126110
0.00026783600014823605
0.00024350000012418604
0.00152117199968415662
0.00014224000005924609
0.00249343399991630577
0.00014182699987941305
0.00250485500009745010
0.00014159700003801845
0.00013396100030149682
0.00232922800023516174
0.00004830599982597050
0.00232428400022399728
0.00004926500014335033
0.00241096599984302884
0.00004770699979417259
0.00005404300009104190
0.00044946099978915299
0.00007918600022094324
0.00011655099979179795
0.00268666000010853168
0.00007767900024191476
0.00010467899983268580
0.00016034800000852556
[42] forward pass time :  0.05499369099970863
0.00466533899998466950
0.00103041700003814185
0.00801548300023569027
0.00102000300012150547
0.00090462600019236561
0.00631540299991684151
0.00052123700015727081
0.00393295200001375633
0.00051873099982913118
0.00046119499984342838
0.00300633100005143206
0.00026831100012714160
0.00258336400020198198
0.00026762299967231229
0.00258229399969422957
0.00026909999996860279
0.00024496100013493560
0.00148518300011346582
0.00014258499959396431
0.00247574399963923497
0.00014232300009098253
0.00260665299992979271
0.00014148499985822127
0.00013474000024871202
0.00242635699987658882
0.00004849000015383353
0.00241922000031991047
0.00004779199980475823
0.00242341800003487151
0.00004951900018568267
0.00005387800001699361
0.00043239800015726360
0.00007795600004101289
0.00011591400016186526
0.00266959600003247033
0.00007872900005168049
0.00010316399993826053
0.00015954300033627078
[43] forward pass time :  0.055004930999984936
0.00465916400025889743
0.00103096199973151670
0.00808202000007440802
0.00101871000015307800
0.00089835900007528835
0.00629765299981954740
0.00051949100043202634
0.00396891599984883214
0.00051931699999840930
0.00046012499979042332
0.00302023499989445554
0.00026815699993676390
0.00258985999971628189
0.00026826800012713647
0.00259687199968539062
0.00026821799974641181
0.00024553399998694658
0.00156026000013298471
0.00014211100005923072
0.00255358799995519803
0.00014193899960446288
0.00258109400010653189
0.00014348200011227163
0.00013502599995263154
0.00239239299980908982
0.00004972200031261309
0.00238612300017848611
0.00004959599982612417
0.00238659500018911785
0.00004843099986828747
0.00005297899997458444
0.00042872099993473967
0.00007791000007273396
0.00011571400000320864
0.00263523900002837763
0.00007881300007284153
0.00010078900004373281
0.00015806800001882948
[44] forward pass time :  0.0551514630001293
0.00466572999994241400
0.00102616499998475774
0.00806557800024165772
0.00102046399979371927
0.00089829299986377009
0.00629906699987259344
0.00052052599994567572
0.00392415200030882261
0.00052029099970241077
0.00046191000001272187
0.00302973799989558756
0.00026861700007430045
0.00258770099981120438
0.00026761200024338905
0.00262231299984705402
0.00026694999996834667
0.00024388200017710915
0.00156047600012243493
0.00014155700000628713
0.00252937400000519119
0.00014222099980543135
0.00254396100035592099
0.00014172700002745842
0.00013486399984685704
0.00236706399982722360
0.00004880599999523838
0.00235792800003764569
0.00004966800042893738
0.00236132100008035195
0.00004850699997405172
0.00005341899986888166
0.00042260299960616976
0.00007858599974497338
0.00011447599990788149
0.00260222599990811432
0.00007863300015742425
0.00010353900006521144
0.00015968299976520939
[45] forward pass time :  0.054897514000003866
0.00467296000033456949
0.00102712699981566402
0.00808304900010625715
0.00102093600025909836
0.00090116199999101809
0.00630320999971445417
0.00052171699962855200
0.00395288499976231833
0.00051912800017817062
0.00045988800002305652
0.00302740600000106497
0.00026864899973588763
0.00261174699971888913
0.00026771800003189128
0.00264274100027250824
0.00026653099985196604
0.00024310099979629740
0.00153091900028812233
0.00014310500000647153
0.00251214499985508155
0.00014142500003799796
0.00252650399988851859
0.00014193100014381343
0.00013395400037552463
0.00234900199984622304
0.00005009599999539205
0.00234224499990887125
0.00004840500014324789
0.00233905300001424621
0.00004807400000572670
0.00005309600010150461
0.00042073499980688212
0.00007791799998813076
0.00011526800017236383
0.00271508600008019130
0.00007815600019966951
0.00010188299984292826
0.00018007900007432909
[46] forward pass time :  0.055008823000207485
0.00466183900016403641
0.00102415899982588599
0.00806504299998778151
0.00102005899998403038
0.00089888499996959581
0.00632284199991772766
0.00052093499971306301
0.00395353300018541631
0.00051832000008289469
0.00045977000036145910
0.00307532099986929097
0.00026731300022220239
0.00262017500017464045
0.00026825799977814313
0.00262468699975215713
0.00026682099996833131
0.00024357999973290134
0.00152179199994861847
0.00014198100006979075
0.00249501700000109849
0.00014188500017553451
0.00250753700038330862
0.00014308799973150599
0.00013510100006897119
0.00233271500019327505
0.00004907699985778891
0.00232520399958957569
0.00004801500017492799
0.00241010900026594754
0.00004752100039695506
0.00005292300011205953
0.00043286000027364935
0.00007905400025265408
0.00011687100004564854
0.00268922299983387347
0.00007793399981892435
0.00009986500026570866
0.00015990299971235800
[47] forward pass time :  0.054985441000098945
0.00385248799966575461
0.00085365899985845317
0.00667356199983260012
0.00084869700003764592
0.00074990299981436692
0.00530488499998682528
0.00043491499991432647
0.00328692999983104528
0.00043271499998809304
0.00038500800019392045
0.00246694599991315044
0.00022409300026993151
0.00223233599990635412
0.00022446399998443667
0.00221326800010501756
0.00022539399969900842
0.00020718499990834971
0.00131482899996626657
0.00012002200037386501
0.00217500300004758174
0.00012083899991921498
0.00216657900000427617
0.00012026100012008101
0.00011610299998210394
0.00202907399989271653
0.00004362999970908277
0.00203091000003041700
0.00004254099985701032
0.00203738099980910192
0.00004369899988887482
0.00005047800004831515
0.00040386899991062819
0.00006914100003996282
0.00010037599986389978
0.00224171399986516917
0.00006720400006088312
0.00008596099996793782
0.00015485300036743865
[48] forward pass time :  0.04632652100008272
Finished Training
