0.00041271800000686198
0.00010344800011807820
0.00054185099997994257
0.00009615599992685020
0.00010939300000245566
0.00029451000000335625
0.00006798100002924912
0.00037187999987509102
0.00006458200004999526
0.00007742699972368428
0.00059151400000700960
0.00005279300012261956
0.00032971600012388080
0.00005036999982621637
0.00032744999998612911
0.00004950999982611393
0.00007019899976512534
0.00034263599991390947
0.00005139099994266871
0.00054556699979002587
0.00004962499997418490
0.00054501500017067883
0.00004957300006935839
0.00006892000010338961
0.00054412200006481726
0.00005431099998531863
0.00052383999991434393
0.00002071999961117399
0.00048804500011101482
0.00002059299959000782
0.00002895799980251468
0.00008748499976718449
0.00002116099994964316
0.00003269699982411112
0.00029405599980236730
0.00002101300015056040
0.00002795599993987707
0.00012626600027942914
[5] forward pass time :  0.007797300000220275
0.00041544700025042403
0.00010405600005469751
0.00054208299980018637
0.00009691300010672421
0.00011042300002372940
0.00029148199973860756
0.00006442800031436491
0.00036725700010720175
0.00006724399963786709
0.00007927600017865188
0.00059158300018680166
0.00002555599985498702
0.00027941000007558614
0.00002454800005580182
0.00027787399994849693
0.00002391199996054638
0.00003183800026818062
0.00029301499989742297
0.00002166100011891103
0.00049902699993253918
0.00002102899998135399
0.00049754200017559924
0.00002137100000254577
0.00002898000002460321
0.00049476499998490908
0.00002135600016117678
0.00049205599998458638
0.00002168099990740302
0.00049240900034419610
0.00002071400012937374
0.00002890999985538656
0.00008836000006340328
0.00002129099993908312
0.00003199499997208477
0.00029409700027827057
0.00001995599996007513
0.00002691100007723435
0.00012563400014187209
[6] forward pass time :  0.007144659999994474
0.00033957200002987520
0.00008334099993589916
0.00048684499961382244
0.00007916599997770390
0.00008159600020007929
0.00024030399981711525
0.00004934199978379183
0.00032239299980574287
0.00004797700012204587
0.00005228600002737949
0.00054077200002211612
0.00002576099996076664
0.00028115200029787957
0.00002482799982317374
0.00027702799980033888
0.00002420199962216429
0.00003206300016245223
0.00029171599999244791
0.00002212299978054943
0.00049935800007006037
0.00002139299976988696
0.00049739100040824269
0.00002098599998134887
0.00002949999998236308
0.00049091400023826282
0.00002225700018243515
0.00049036200016416842
0.00002222600005552522
0.00049344400031259283
0.00002091099986500922
0.00002941200000350364
0.00008883600003173342
0.00002082399987557437
0.00003270000024713227
0.00029386599999270402
0.00002005299984375597
0.00002714000038395170
0.00012642900037462823
[7] forward pass time :  0.006680024000161211
0.00033874900009323028
0.00008333700043294812
0.00048386600019512116
0.00008044500009418698
0.00008252299994637724
0.00022905600008016336
0.00004890000036539277
0.00028827100004491513
0.00004807799996342510
0.00005203899991101935
0.00045358499983194633
0.00002309599994987366
0.00023702599992247997
0.00002177000033043441
0.00023563800004922086
0.00002178900012950180
0.00002991600013046991
0.00024123700040945550
0.00002189400038332678
0.00040796100029183435
0.00002348399993934436
0.00041137599964713445
0.00002203799976996379
0.00003125100010947790
0.00040820300000632415
0.00002296000002388610
0.00040248699997391668
0.00002338900003451272
0.00040223599989985814
0.00002113399978043162
0.00002901600009863614
0.00007634899975528242
0.00002107399996020831
0.00003260599987697788
0.00027179200014870730
0.00002251400019304128
0.00003025400019396329
0.00010571900020295288
[8] forward pass time :  0.005970934000288253
0.00032435399998576031
0.00008386999979848042
0.00048165399994104519
0.00007968599993546377
0.00008066500004133559
0.00022577600020667887
0.00004767899963553646
0.00028648999978031497
0.00004736099981528241
0.00005084000031274627
0.00044681999997919775
0.00002294000023539411
0.00023493400021834532
0.00002163700037272065
0.00023268200038728537
0.00002165700016121264
0.00002943300023616757
0.00023831099997551064
0.00002138700028808671
0.00040394100005869404
0.00002067900004476542
0.00040239600002678344
0.00002079900013995939
0.00002880800002458273
0.00040148000016415608
0.00002234999965367024
0.00039848999995228951
0.00002101800009768340
0.00039655899990975740
0.00002013999983319081
0.00002877599990824820
0.00007727399997747852
0.00002104899976984598
0.00003218699976059725
0.00025866499981930247
0.00001999699998123106
0.00002682800004549790
0.00010206800016021589
[9] forward pass time :  0.005812034999962634
0.00032514499980607070
0.00008339100031662383
0.00048126000001502689
0.00008033299991438980
0.00008185200022126082
0.00022588000001633191
0.00004811999997400562
0.00028495700007624691
0.00004692499987868359
0.00005084099984742352
0.00044624800011661137
0.00002275099996040808
0.00023319100000662729
0.00002131400015059626
0.00023177399998530746
0.00002108799981215270
0.00002945699998235796
0.00023757400003887597
0.00002146699989680201
0.00040342700003748178
0.00002158699999199598
0.00040076300001601339
0.00002074900021398207
0.00002924099999290775
0.00040021199993134360
0.00002151899980162852
0.00039537800012112712
0.00002047199996013660
0.00039681199996266514
0.00002156800019292859
0.00002970100013044430
0.00007617699975526193
0.00002080200010823319
0.00003261199981352547
0.00025954500006264425
0.00001979099988602684
0.00002707700014070724
0.00010161599993807613
[10] forward pass time :  0.005805226000120456
0.00032652199979565921
0.00008413800014750450
0.00047943399977157242
0.00008028799993553548
0.00008226099998864811
0.00022636600033365539
0.00004830199986827211
0.00028414200005499879
0.00004750900006911252
0.00005116600004839711
0.00044608200005313847
0.00002260000019305153
0.00023224899996421300
0.00002140500009772950
0.00023150600009103073
0.00002130399980160291
0.00002963199995065224
0.00023840199992264388
0.00002189999986512703
0.00040115199999490869
0.00002052000036201207
0.00040155600026992033
0.00002177299984396086
0.00002977600024678395
0.00039894299970910652
0.00002203300027758814
0.00039772699983586790
0.00002068500043606036
0.00039569999989907956
0.00002028500011874712
0.00002855599996109959
0.00007685699983994709
0.00002127800007656333
0.00003208500038454076
0.00026145300034841057
0.00002018600025621708
0.00002711999968596501
0.00010105599994858494
[11] forward pass time :  0.0058080209996660415
0.00032479900028192787
0.00008406599999943865
0.00048233799998342874
0.00007909399982963805
0.00008083100010480848
0.00022551999973074999
0.00004786599993167329
0.00028294799994910136
0.00004676099979405990
0.00005089700016469578
0.00044627199986280175
0.00002249099998152815
0.00023540399979538051
0.00002157400012947619
0.00023047600006975699
0.00002152700017177267
0.00002993099997183890
0.00023525100004917476
0.00002140000015060650
0.00040343599994230317
0.00002181400031986414
0.00040105600010065245
0.00002097100013997988
0.00002932000006694579
0.00039725599981466075
0.00002097700007652747
0.00039540000034321565
0.00002067900004476542
0.00039571299976159935
0.00002054899960057810
0.00002892899965445395
0.00007615599997734535
0.00002075800011880347
0.00003226500029995805
0.00025990699987232802
0.00002051299998129252
0.00002711899969654041
0.00010184200027651968
[12] forward pass time :  0.005797304000225267
0.00032743299971116357
0.00008365299981960561
0.00048192499980359571
0.00007983099976627273
0.00008085499985099887
0.00022586200020668912
0.00004825899986826698
0.00028331199973763432
0.00004755500003739144
0.00005160700038686628
0.00044506599988380913
0.00002239500008727191
0.00023351400022875168
0.00002169899971704581
0.00023264200035555405
0.00002110599962179549
0.00003026299964403734
0.00023650100001759711
0.00002149700003428734
0.00040288600030180532
0.00002082599985442357
0.00039972699960344471
0.00002015099971686141
0.00002889300003516837
0.00039950100017449586
0.00002121299985446967
0.00039719400001558824
0.00002576099996076664
0.00039908899998408742
0.00002052199988611392
0.00002878399982364499
0.00007637199996679556
0.00002104900022459333
0.00003203999995093909
0.00025864600002023508
0.00001996600030906848
0.00002700999993976438
0.00010085500025525107
[13] forward pass time :  0.00580619399988791
0.00032585899998593959
0.00008369399984076153
0.00048397499995189719
0.00007932600010462920
0.00008173600008376525
0.00022746399963580188
0.00004795199993168353
0.00028483299956860719
0.00004753100029120105
0.00005087199997433345
0.00044374599974617013
0.00002256299967484665
0.00023353200003839447
0.00002212299978054943
0.00023050999971019337
0.00002122400019288762
0.00002953500006697141
0.00023724399989077938
0.00002190999975937302
0.00040043499984676600
0.00002084100015053991
0.00040124399993146653
0.00002219099997091689
0.00003000900005645235
0.00039809300005799741
0.00002163499993912410
0.00039565900033267098
0.00002072200004477054
0.00039374200014208327
0.00002051600040431367
0.00002828500009854906
0.00007591399980810820
0.00002134700025635539
0.00003243099990868359
0.00025849599978755577
0.00002001499979087384
0.00002694800014069187
0.00010187499992753146
[14] forward pass time :  0.0057991039998341876
0.00032564999992246157
0.00008386299987250823
0.00047962600001483224
0.00007922800023152377
0.00008122000008370378
0.00022384300018529757
0.00004858900001636357
0.00028603200007637497
0.00004718099989986513
0.00005080200025986414
0.00044686399996862747
0.00002304999998159474
0.00023250100002769614
0.00002212200024587219
0.00023122400034480961
0.00002104400027747033
0.00002940599961220869
0.00023550900004920550
0.00002215299991803477
0.00040013399984673015
0.00002101900008710800
0.00040045299965640879
0.00002084500010823831
0.00002932699999291799
0.00039767899988873978
0.00002188700000260724
0.00039739799967719591
0.00002091999976983061
0.00039473400011047488
0.00002180199999202159
0.00002954600040538935
0.00007623800001965719
0.00002064899990728009
0.00003231199980291422
0.00025975900007324526
0.00001997999970626552
0.00002697400032047881
0.00010260199996992014
[15] forward pass time :  0.005795298000066396
0.00032729199983805302
0.00008474000014757621
0.00048233400002573035
0.00007946300002004136
0.00008129600018946803
0.00022430900025938172
0.00004806300012205611
0.00028303499993853620
0.00004753999974127510
0.00005095899996376829
0.00044481899976744899
0.00002286700009790366
0.00023359300030278973
0.00002192400006606476
0.00023187099986898829
0.00002128300002368633
0.00002950299995063688
0.00023654999995414983
0.00002194099988628295
0.00040059899993138970
0.00002068100002361462
0.00039952199995241244
0.00002153300010832027
0.00002848499980245833
0.00039892999984658672
0.00002281300021422794
0.00039505899985670112
0.00002094299998134375
0.00039351299983536592
0.00002030199993896531
0.00002898000002460321
0.00007571200012534973
0.00002046600002358900
0.00003156900038447930
0.00025757499997780542
0.00001980399974854663
0.00002653699993970804
0.00010149599984288216
[16] forward pass time :  0.005789190999621496
0.00032649300010234583
0.00008407800032728119
0.00047956900016288273
0.00007932299968160805
0.00008075999994616723
0.00022442800036515109
0.00004822299979423406
0.00028491300008681719
0.00004759799958264921
0.00005075300032331143
0.00044454899989432306
0.00002249099998152815
0.00023453899984815507
0.00002205900000262773
0.00023021600009087706
0.00002115100005539716
0.00002977999974973500
0.00023685699989073328
0.00002190200029872358
0.00040159699983632891
0.00002144599966413807
0.00040222799998446135
0.00002060800034087151
0.00002943599974969402
0.00039631699974052026
0.00002138099989679176
0.00039400800005751080
0.00002084800007651211
0.00039508299960289150
0.00002096200023515848
0.00003692800009957864
0.00007821999997759121
0.00002172399990740814
0.00003294699990874506
0.00025780999976632302
0.00002030499990723911
0.00002760999996098690
0.00010155699965253007
[17] forward pass time :  0.005831010999827413
0.00032339500012312783
0.00008346100003109314
0.00048521899998377194
0.00007993400004124851
0.00008107099984044908
0.00022910799998498987
0.00004834499986827723
0.00028316699990682537
0.00004701599982581683
0.00005148999980519875
0.00044512200020108139
0.00002230600011898787
0.00023275700004887767
0.00002194099988628295
0.00023054599978422630
0.00002138600029866211
0.00002912599984483677
0.00023583500023960369
0.00002143900019291323
0.00040071300009003608
0.00002113300024575437
0.00040134299979399657
0.00002099199991789646
0.00002890999985538656
0.00039557899981446099
0.00002174900009777048
0.00039456999957110384
0.00002080199965348584
0.00134014800005388679
0.00004164400024819770
0.00003607500002544839
0.00008001400010471116
0.00002167599996028002
0.00003303699986645370
0.00025989499999923282
0.00002024100012931740
0.00002664900011950522
0.00010181300012845895
[18] forward pass time :  0.0067740340000455035
0.00032431199997517979
0.00008415799993599649
0.00048175900019487017
0.00007944100025270018
0.00008116900016830186
0.00022649699985777261
0.00004788200021721423
0.00028272700001252815
0.00004833399998460663
0.00005199199995331583
0.00044747599986294517
0.00002294700016136630
0.00023359000033451593
0.00002146299993910361
0.00023049499986882438
0.00002148500016119215
0.00002992100007759291
0.00023760900012348429
0.00002189399992857943
0.00039925700002640951
0.00002070499976980500
0.00039999599994189339
0.00002048899978035479
0.00002949400004581548
0.00039926799991008011
0.00002132000008714385
0.00039450599979318213
0.00002086400036205305
0.00039629799994145287
0.00002015599966398440
0.00002833999997164938
0.00007672099991395953
0.00002060999986497336
0.00003245699963372317
0.00026036600002043997
0.00002078799980154145
0.00002768699960142840
0.00010223100025541498
[19] forward pass time :  0.005798529000003327
0.00032557600025029387
0.00008388700007344596
0.00047881799991955631
0.00007958200012581074
0.00008105500000965549
0.00023153999973146711
0.00004893999994237674
0.00028398299991749809
0.00004742200007967767
0.00005064799961473909
0.00044307299958745716
0.00002242799973828369
0.00023378799960482866
0.00002136099965355243
0.00022986700014371308
0.00002165000023524044
0.00002959899984489311
0.00023515499970017117
0.00002142699986507068
0.00039999899991016719
0.00002106799956891336
0.00040099299985740799
0.00002116199993906775
0.00002922600015153876
0.00039716399987810291
0.00002168599985452602
0.00039522599990959861
0.00002100399979099166
0.00039385200034303125
0.00002172399990740814
0.00002988100004586158
0.00007618400013598148
0.00002178700015065260
0.00003221999986635637
0.00025902700008373358
0.00002016999997067614
0.00002716100016186829
0.00010166599986405345
[20] forward pass time :  0.005793134000214195
0.00032443500003864756
0.00008422299970334279
0.00048116699963429710
0.00007993400004124851
0.00008079200006250176
0.00022452099983638618
0.00004803699994226918
0.00028316399993855157
0.00004702400019596098
0.00005132299975230126
0.00044584800025404547
0.00002275500037285383
0.00023192200023913756
0.00002124000002368120
0.00023082699999577017
0.00002096099979098653
0.00002944600009868736
0.00023606500008099829
0.00002159999985451577
0.00040023400015343213
0.00002088600012939423
0.00039901599984659697
0.00002079399973808904
0.00002892400016207830
0.00039585399963470991
0.00002319299983355450
0.00039484800026912126
0.00002102799999192939
0.00039537000020573032
0.00003719300002558157
0.00003027899992957828
0.00007898599960753927
0.00002164300030926825
0.00003351700024722959
0.00026218500033792225
0.00001984699974855175
0.00002750499970716191
0.00010158300028706435
[21] forward pass time :  0.005812290999983816
0.00032526600034543662
0.00008383100021092105
0.00047744599987709080
0.00007982000033734948
0.00008099600017885678
0.00022634100014329306
0.00004791800029124715
0.00028412999972715625
0.00004719400021713227
0.00005117099999552011
0.00044508599967230111
0.00002303400015080115
0.00023210600011225324
0.00002135100021405378
0.00023184900010164711
0.00002124899992850260
0.00002939600017271005
0.00023514800022894633
0.00002141599998140009
0.00039986699994187802
0.00002187800009778584
0.00040063000005829963
0.00002072000006592134
0.00002911599995059078
0.00039879499991002376
0.00002156299979105825
0.00039396500005750568
0.00002064000000245869
0.00039257599974007462
0.00002037500007645576
0.00002876400003515300
0.00007606799999848590
0.00002089999998133862
0.00003202400012014550
0.00025797299986152211
0.00001991099998122081
0.00002753099988694885
0.00010219999967375770
[22] forward pass time :  0.005780648999916593
0.00032599499991192715
0.00008383900012631784
0.00048124000022653490
0.00007974400023158523
0.00008178000007319497
0.00022662899982606177
0.00004872399995292653
0.00028325999983280781
0.00004726899987872457
0.00005125799998495495
0.00044562200037034927
0.00002261400004499592
0.00023251399989021593
0.00002159999985451577
0.00023042800012262887
0.00002124400043612695
0.00002956500020445674
0.00023476600017602323
0.00002125499986505019
0.00039927300031195045
0.00002059400003417977
0.00040041600004769862
0.00002091199985443382
0.00002895399984481628
0.00039747700020598131
0.00002109000024574925
0.00039557199988848879
0.00002074099984383793
0.00039376099994115066
0.00002310200034116860
0.00003100300000369316
0.00007736099996691337
0.00002124100001310580
0.00003374600009919959
0.00026071900038004969
0.00002117899975928594
0.00002841500008798903
0.00010271800010741572
[23] forward pass time :  0.005800033000014082
0.00032444199996461975
0.00008355899990419857
0.00048224800002572010
0.00007960800030559767
0.00008099099977698643
0.00022314200032269582
0.00004772000011143973
0.00028207500008647912
0.00004693899973062798
0.00005065200002718484
0.00044495199972516275
0.00002320400017197244
0.00023294199991141795
0.00002176400039388682
0.00023101299984773505
0.00002141599998140009
0.00002953100010927301
0.00023625599988008616
0.00002287900042574620
0.00040444200021738652
0.00002048700025625294
0.00040279099994222634
0.00002072500001304434
0.00002904900020439527
0.00039694299994152971
0.00002110400009769364
0.00039354199998342665
0.00002043599988610367
0.00039441699982489808
0.00002080600006593158
0.00002830299990819185
0.00007549600013589952
0.00002102100006595720
0.00003154399973936961
0.00025815400022111135
0.00001965100000234088
0.00002669900004548253
0.00010193900016020052
[24] forward pass time :  0.005781229999684001
0.00032408600009148358
0.00008400099977734499
0.00048108400005730800
0.00007974200025273603
0.00008028900037970743
0.00022772800002712756
0.00004813600025954656
0.00028383499966366799
0.00004753000030177645
0.00005087899990030564
0.00044394299993655295
0.00002230200016128947
0.00023172100009105634
0.00002227699997092714
0.00023233599995364784
0.00002136800003427197
0.00003021500015165657
0.00023652500021853484
0.00002230200016128947
0.00040204700007961947
0.00002102500002365559
0.00040032900005826377
0.00002223499996034661
0.00002941100001407904
0.00039546800007883576
0.00002186899973821710
0.00039531400034320541
0.00002080700005535618
0.00039324899989878759
0.00002086200038320385
0.00002805800022542826
0.00007586399988213088
0.00002086599988615490
0.00003207000008842442
0.00025952899977710331
0.00002029999996011611
0.00002715500022532069
0.00010131299995919107
[25] forward pass time :  0.00579002800031958
0.00032554199970036279
0.00008365199983018101
0.00048038100021585706
0.00007967600004121778
0.00008157699994626455
0.00022347000003719586
0.00004826199983654078
0.00028345500004434143
0.00004737600011139875
0.00005154400014362182
0.00044661599986284273
0.00002359300015086774
0.00023520600007032044
0.00002217300016127410
0.00023195700032374589
0.00002147699979104800
0.00002964600025734399
0.00023691100022915634
0.00002152999968529912
0.00040068599992082454
0.00002155199990738765
0.00040122700011124834
0.00002118499969583354
0.00002913499974965816
0.00039849499989941251
0.00002161800011890591
0.00040704699995330884
0.00002286299968545791
0.00039905099993120530
0.00002066899969577207
0.00002964500026791939
0.00007707199983997270
0.00002080700005535618
0.00003224099964427296
0.00025865299994620727
0.00002043799986495287
0.00002764999999271822
0.00010268999994877959
[26] forward pass time :  0.005846543000188831
0.00032881799961614888
0.00008413500017923070
0.00048516700007894542
0.00007914199977676617
0.00008063300037974841
0.00022600500005864887
0.00004763200013258029
0.00029288899986568140
0.00004759400007969816
0.00005121399999552523
0.00045084899966241210
0.00002350699969611014
0.00023575900013383944
0.00002172399990740814
0.00023544299983768724
0.00002172799986510654
0.00003037299984498532
0.00024964100020952174
0.00002139600019290810
0.00040567600035501528
0.00002587200015113922
0.00042260400005034171
0.00002249299996037735
0.00003050099985557608
0.00040024800000537653
0.00002276099985465407
0.00039961999982551788
0.00003121000008832198
0.00039897899978313944
0.00002021499994953047
0.00002812900038406951
0.00007550600003014551
0.00002058500012935838
0.00003208200041626696
0.00026038300029540551
0.00001970199991774280
0.00002668399974936619
0.00010141200027646846
[27] forward pass time :  0.0058939390000887215
0.00032934699993347749
0.00008390299990423955
0.00048297100011041039
0.00007979200017871335
0.00008172300022124546
0.00022420200002670754
0.00004810199970961548
0.00028512700009741820
0.00004740499980471213
0.00005109500034450321
0.00044743900025423500
0.00002302899974893080
0.00023514099984822678
0.00002214599999206257
0.00023253200015460607
0.00002241700030936045
0.00002990200027852552
0.00024044300016612397
0.00002183200012950692
0.00040430800027024816
0.00002060299993900117
0.00040426099985779729
0.00002097000015055528
0.00002872000004572328
0.00039923700023791753
0.00002141300001312629
0.00039498300020568422
0.00002161699967473396
0.00039726500017422950
0.00002059999997072737
0.00002847800033123349
0.00007746400024188915
0.00002114499966410222
0.00003212599995094934
0.00025995800024247728
0.00002053400021395646
0.00002697699983400526
0.00010177700005442603
[28] forward pass time :  0.005823594000048615
0.00032554600011280854
0.00008349700010512606
0.00048004900008891127
0.00007977400036907056
0.00008099199976641103
0.00022288699983619153
0.00004777999993166304
0.00028427100005501416
0.00004781300003742217
0.00005173800036573084
0.00044950299979973352
0.00002282000014020014
0.00023484499979531392
0.00002160399981221417
0.00023286300029212725
0.00002132999998138985
0.00002952600016215001
0.00023737399988021934
0.00002145300004485762
0.00040581199982625549
0.00002052399986496312
0.00040248899995276588
0.00002051100000244332
0.00002821399993990781
0.00039964200004760642
0.00002152000024580047
0.00039831300000514602
0.00002111799994963803
0.00039821200016376679
0.00002042200003415928
0.00002860500035239966
0.00007662799998797709
0.00002072500001304434
0.00003182799991918728
0.00026038799978778115
0.00002097100013997988
0.00002754199977061944
0.00010375000010753865
[29] forward pass time :  0.0058162479999737116
0.00032430099963676184
0.00008324100008394453
0.00048023199997260235
0.00007927600017865188
0.00008141699981933925
0.00022424100006901426
0.00004821500033358461
0.00028582400000232155
0.00004781300003742217
0.00005085900011181366
0.00044699999989461503
0.00002258199992866139
0.00023443999998562504
0.00002157900007659919
0.00023193800006993115
0.00002149500005543814
0.00002961699965453590
0.00023860500004957430
0.00002125300034094835
0.00040353399981540861
0.00002203599979111459
0.00040605200001664343
0.00002126000026692054
0.00002870700018320349
0.00039941900013218401
0.00002175399959014612
0.00039858799982539495
0.00002098100003422587
0.00039794299982531811
0.00002022499984377646
0.00002813899982356816
0.00007674500011489727
0.00002070900018225075
0.00003209700025763595
0.00025721199972394970
0.00001991399994949461
0.00002700300001379219
0.00010179799983234261
[30] forward pass time :  0.005809367000438215
0.00032538200002818485
0.00008371300009457627
0.00048245700008919812
0.00007940400018924265
0.00008077600023170817
0.00022306499977275962
0.00004812899987882702
0.00028457500002332381
0.00004717100000561913
0.00005102400018586195
0.00044739400027538068
0.00002290600014021038
0.00023473299961551675
0.00002167999991797842
0.00023756200016578077
0.00002196300010837149
0.00003002299990839674
0.00023919700015540002
0.00002154800040443661
0.00040375099979428342
0.00002086600034090225
0.00040428899956168607
0.00002060599990727496
0.00002879200019378914
0.00040058900003714371
0.00002113099981215782
0.00039956999989954056
0.00002047499992841040
0.00039861300001575728
0.00002094899991789134
0.00002811899958032882
0.00007594199996674433
0.00002110700006596744
0.00003202400012014550
0.00025922099985109526
0.00002000099993892945
0.00002688199992917362
0.00010131899989573867
[31] forward pass time :  0.005817672999910428
0.00032520500008104136
0.00008406799997828784
0.00048317699975086725
0.00008008800023162621
0.00008145299989337218
0.00022547900016434141
0.00004816999989998294
0.00028315100007603178
0.00004750000016429112
0.00005109199992148206
0.00044941799978914787
0.00002468000002409099
0.00023560800036648288
0.00002203100029873895
0.00023074499995345832
0.00002122600017173681
0.00002994399983435869
0.00023913500035632751
0.00002190299983340083
0.00040581500024927664
0.00002051999990726472
0.00040473400031260098
0.00002108399985445431
0.00002857299978131778
0.00040261499998450745
0.00002161100019293372
0.00039511800014224718
0.00002135800014002598
0.00039715599996270612
0.00002057099982266664
0.00002810700016198098
0.00007746299979771720
0.00002088600012939423
0.00003270399975008331
0.00026140899990423350
0.00001963699969564914
0.00002762800022537704
0.00010282799985361635
[32] forward pass time :  0.005823854000027495
0.00032540100028199959
0.00008404400023209746
0.00048520000018470455
0.00007963600000948645
0.00008103000027404050
0.00022349500022755819
0.00004838299992115935
0.00028376099999150028
0.00004841300005864468
0.00005221400033406098
0.00044850399990536971
0.00002306400028828648
0.00023392000002786517
0.00002137399997081957
0.00023210900008052704
0.00002113500022460357
0.00002906800000346266
0.00023899899997559260
0.00002185099992857431
0.00040302599973074393
0.00002091500027745496
0.00040231999992101919
0.00002088100018227124
0.00002895999978136388
0.00039958699971975875
0.00002123700005540741
0.00039793999985704431
0.00002071300013994914
0.00039730899970891187
0.00001998800007640966
0.00002841600007741363
0.00007611799992446322
0.00002086999984385329
0.00003270800016252906
0.00025978699977713404
0.00002132100007656845
0.00002852899979188805
0.00010329999986424809
[33] forward pass time :  0.0058174989999315585
0.00032595499988019583
0.00008392700010517729
0.00048325900024792645
0.00007952199985084007
0.00008141699981933925
0.00022320199968817178
0.00004807000004802831
0.00028634199998123222
0.00004752999984702910
0.00005144900023879018
0.00044699000000036904
0.00002285200025653467
0.00023343300017586444
0.00002158600000257138
0.00023256399981619325
0.00002159499990739278
0.00003006099996127887
0.00023710899995421642
0.00002191499970649602
0.00040429899991067941
0.00002232499991805525
0.00040322699987882515
0.00002102000007653260
0.00002902500000345754
0.00040026800024861586
0.00002143600022463943
0.00039797599993107724
0.00002085699998133350
0.00039717299978292431
0.00002069200036203256
0.00002815500010910910
0.00007604600023114472
0.00002107599993905751
0.00003210000022590975
0.00025834799998847302
0.00001985800008696970
0.00002641200035213842
0.00010271999963151757
[34] forward pass time :  0.005813760999899387
0.00032449899981656927
0.00008326699980898411
0.00048159700008909567
0.00007971000013640150
0.00008152200007316424
0.00022475299965662998
0.00004772800002683653
0.00028611200013983762
0.00004741300017485628
0.00005082999996375293
0.00044772100000045612
0.00002421699991828064
0.00023566599975310965
0.00002180599994971999
0.00023148199989009299
0.00002153400009774487
0.00003052100009881542
0.00023804900001778151
0.00002172499989683274
0.00040415200010102126
0.00002108999979100190
0.00040313700037586386
0.00002709999989747303
0.00003228600007787463
0.00040581799976280308
0.00002160400026696152
0.00039674099980402389
0.00002100099982271786
0.00039634999984627939
0.00002099699986501946
0.00002842300000338582
0.00007602000005135778
0.00002093300008709775
0.00003188900018358254
0.00025775900030566845
0.00001944899986483506
0.00002746500013017794
0.00010133299974768306
[35] forward pass time :  0.005847761000040919
0.00032452599998578080
0.00008389000004171976
0.00047821699990890920
0.00007962700010466506
0.00008138399971358012
0.00022530099977302598
0.00005376699982662103
0.00028598700009752065
0.00004728399972009356
0.00005170199983695056
0.00044643899991569924
0.00002260100018247613
0.00023311099994316464
0.00002148299972759560
0.00023139099994295975
0.00002134599981218344
0.00002940800004580524
0.00023478800039811176
0.00002175999998144107
0.00040225099974122713
0.00002077999988614465
0.00040128699993147166
0.00002078099987556925
0.00002925799981312593
0.00039922900032252073
0.00002141599998140009
0.00039839600003688247
0.00002057099982266664
0.00039646100003665197
0.00002033600003414904
0.00002836399971783976
0.00007600700018883799
0.00002049999966402538
0.00003691800020533265
0.00026073599974552053
0.00002025599997068639
0.00002782799992928631
0.00010259199962092680
[36] forward pass time :  0.005810329999803798
0.00032477100012329174
0.00008362199969269568
0.00047927900004651747
0.00007934299992484739
0.00008139999999912106
0.00022701099987898488
0.00004805200023838552
0.00028421799970601569
0.00004728799967779196
0.00005111200016472139
0.00044539600003190571
0.00002320600015082164
0.00023422000003847643
0.00002142199991794769
0.00023058200031300657
0.00002143299980161828
0.00002938699981314130
0.00023694299989074352
0.00002160900021408452
0.00040342800002690637
0.00002048100031970534
0.00040738600000622682
0.00002125599985447479
0.00002932299958047224
0.00039941099976203986
0.00002110100012941984
0.00039560400000482332
0.00002063399961116374
0.00039462100039600045
0.00001998900006583426
0.00002866199974960182
0.00007645899995623040
0.00002066100023512263
0.00003189500012013013
0.00025815899971348699
0.00001968600008694921
0.00002703700010897592
0.00010220200010735425
[37] forward pass time :  0.005819519999931799
0.00032579799972154433
0.00008362700009456603
0.00047944700008883956
0.00007911200009402819
0.00008135799998854054
0.00022544499961441034
0.00004844399973080726
0.00028594099967449438
0.00004726199995275238
0.00005111800010126899
0.00044692300025417353
0.00002241099991806550
0.00023353999995379127
0.00002180399997087079
0.00023119999968912452
0.00002256600009786780
0.00003002799985551974
0.00023725999972157297
0.00002119500004482688
0.00040248400000564288
0.00002066700017167022
0.00040311099974132958
0.00002146999986507581
0.00002830100038409000
0.00039847900006861892
0.00002137600040441612
0.00039630400033274782
0.00002099699986501946
0.00039556100000481820
0.00002040200024566730
0.00002794600004563108
0.00007639499972356134
0.00002053200023510726
0.00003181600004609209
0.00025822600036917720
0.00001959199971679482
0.00002728099980231491
0.00010328300004402990
[38] forward pass time :  0.005799757999739086
0.00032339100016542943
0.00008354999999937718
0.00048291000030076248
0.00007939999977679690
0.00008111299985102960
0.00022833599996374687
0.00004795699987880653
0.00028489299984357785
0.00004719800017483067
0.00005057699991084519
0.00044733599997925921
0.00002366099988648784
0.00023473900000681169
0.00002124899992850260
0.00023243399982675328
0.00002110000013999525
0.00002970100013044430
0.00023686800022915122
0.00002140500009772950
0.00040210699989984278
0.00002084100015053991
0.00040264399967782083
0.00002064799991785549
0.00002873400035241502
0.00039928499973029830
0.00002125799983332399
0.00039710500004730420
0.00002019200019276468
0.00039851499968790449
0.00002014599976973841
0.00002802500011966913
0.00007651100031580427
0.00002090599991788622
0.00003212199999325094
0.00026082599970322917
0.00002015800009758095
0.00002713999992920435
0.00010233400007564342
[39] forward pass time :  0.005809421999856568
0.00032357000009142212
0.00008358700006283470
0.00048017800008892664
0.00007952199985084007
0.00008144299999912619
0.00023105400032363832
0.00004852199981542071
0.00028551900004458730
0.00004678200002672384
0.00005708100025003660
0.00044846200034953654
0.00002318999986528070
0.00023449999980584835
0.00002199700020355522
0.00023290399985853583
0.00002147500026694615
0.00002974800008814782
0.00023728299993308610
0.00002167299999200623
0.00040198999977292260
0.00002077799990729545
0.00040214299997387570
0.00002061599980152096
0.00002897600006690482
0.00039901699983602157
0.00002083800018226611
0.00039613199987797998
0.00002113599975928082
0.00039508399959231610
0.00002087400025629904
0.00002959099992949632
0.00007646300036867615
0.00002082399987557437
0.00003188999971825979
0.00026097800036950503
0.00001973200005522813
0.00002717200004553888
0.00010859500025617308
[40] forward pass time :  0.005822664999868721
0.00034950999997818144
0.00008357399974556756
0.00047977299982449040
0.00007969300031618332
0.00008137299982990953
0.00022465999973064754
0.00004807200002687750
0.00028408800017132307
0.00004736199980470701
0.00005012800011172658
0.00044585900013771607
0.00002292499993927777
0.00023338700020758552
0.00002109100023517385
0.00022959099987929221
0.00002131500014002086
0.00002917600022556144
0.00023688300007052021
0.00002161500015063211
0.00040042099999482161
0.00002171200003431295
0.00040321000005860697
0.00002100299980156706
0.00002924599994003074
0.00039779100006853696
0.00002251000023534289
0.00039632600010008900
0.00002069300035145716
0.00039490500012107077
0.00002025599997068639
0.00002858200014088652
0.00007582699981867336
0.00002055799996014684
0.00003200400033165351
0.00025843299999905867
0.00001991499993891921
0.00002665799956957926
0.00010173400005442090
[41] forward pass time :  0.005851011000231665
0.00032472700013386202
0.00008380000008401112
0.00047985799983507604
0.00007960099992487812
0.00008145599986164598
0.00022547800017491682
0.00004820399999516667
0.00028565000002345187
0.00004713099997388781
0.00005166800019651419
0.00044667500014838879
0.00002287100005560205
0.00023403700015478535
0.00002209500007666065
0.00023342499980572029
0.00002183099968533497
0.00002988000005643698
0.00023695799973211251
0.00002137499996024417
0.00040158999991035671
0.00002201200004492421
0.00040330100000574021
0.00002048099986495799
0.00002918299969678628
0.00039913299997351714
0.00002168600030927337
0.00039559400011057733
0.00002062899966404075
0.00039675000016359263
0.00002079399973808904
0.00002881000000343192
0.00007647499978702399
0.00002076800001304946
0.00003176199970766902
0.00025989599998865742
0.00002023199976974865
0.00002708600004552864
0.00010205399985352415
[42] forward pass time :  0.005807393999930355
0.00032714600001781946
0.00008390900029553450
0.00048257199978252174
0.00007984299963936792
0.00008120600023175939
0.00022622599999522208
0.00004785800001627649
0.00028562099987539113
0.00004737600011139875
0.00005146900002728216
0.00044677100004264503
0.00002442000004521105
0.00023441199982698890
0.00002174600012949668
0.00023243899977387628
0.00002167899992855382
0.00002981299985549413
0.00023657100018681376
0.00002138699983333936
0.00040364000005865819
0.00002079399973808904
0.00040314700027010986
0.00002097800006595207
0.00002909000022555119
0.00039723600002616877
0.00002167799993912922
0.00039583500029038987
0.00002211600030932459
0.00039651299994147848
0.00002182999969591037
0.00002995000022565364
0.00007757000003039138
0.00002197100002376828
0.00003374900006747339
0.00026115799983017496
0.00002093699959004880
0.00002830299990819185
0.00011443199991845177
[43] forward pass time :  0.005836618999637722
0.00032992600017678342
0.00008362300013686763
0.00048117300002559205
0.00007985699994605966
0.00008119299991449225
0.00022587400007978431
0.00004823399967790465
0.00028491700004451559
0.00005352200014385744
0.00005187799979466945
0.00044869299972560839
0.00002335900035177474
0.00023561099988000933
0.00002210200000263285
0.00023184600013337331
0.00002157900007659919
0.00002999699972860981
0.00023704499972154736
0.00002873200037356582
0.00040844800014383509
0.00002171200003431295
0.00040315199976248550
0.00002168400033042417
0.00003065199962293264
0.00040023600013228133
0.00002228200037279748
0.00039812699969843379
0.00002073899986498873
0.00039569000000483356
0.00002064299997073249
0.00002897000013035722
0.00007715499987170915
0.00002181599984396598
0.00003295400028946460
0.00026065800011565443
0.00002149700003428734
0.00002800099991873140
0.00010403400028735632
[44] forward pass time :  0.0058739370001603675
0.00033375399971191655
0.00008400599972446798
0.00048242100001516519
0.00008012699981918558
0.00008157699994626455
0.00022665400001642411
0.00004803599995284458
0.00028492399997048778
0.00004729700003736070
0.00005129900000611087
0.00044982500003243331
0.00002249400040454930
0.00023453200037693023
0.00002268899970658822
0.00023418800037688925
0.00002142300036211964
0.00003030800007763901
0.00023730499970042729
0.00002165500018236344
0.00040390700041825767
0.00002071000017167535
0.00040301999979419634
0.00002074699978038552
0.00002964100031022099
0.00039833100026953616
0.00002160199983336497
0.00039750999985699309
0.00002024399964284385
0.00039586100001542945
0.00002036499972746242
0.00002841600007741363
0.00007873599997765268
0.00002091299984385842
0.00003254299963373342
0.00026328400008424069
0.00002003300005526398
0.00002740299987635808
0.00010341000006519607
[45] forward pass time :  0.005832950999774766
0.00032490100011273171
0.00008401100012633833
0.00047959400035324506
0.00007975800008352962
0.00008151099973474629
0.00022576799983653473
0.00004837599999518716
0.00028933400017194799
0.00004832700005863444
0.00005129700002726167
0.00044549099993673735
0.00002311400021426380
0.00023386199973174371
0.00002168400033042417
0.00023236600009113317
0.00002132899999196525
0.00002985399987665005
0.00023590999990119599
0.00002129299991793232
0.00040460800028085941
0.00002094000001306995
0.00040224199983640574
0.00002067600007649162
0.00002879000021493994
0.00039841199986767606
0.00002141799996024929
0.00039573399999426329
0.00002173100028812769
0.00039460000016333652
0.00002050200009762193
0.00002846699999281554
0.00007701499998802319
0.00002127000016116654
0.00003203300002496690
0.00026802200000020093
0.00002076099963232991
0.00002749199984464212
0.00010279800017087837
[46] forward pass time :  0.005820739000228059
0.00032635000025038607
0.00008421200027441955
0.00048464600013176096
0.00007968199997776537
0.00008102799984044395
0.00022678899995298707
0.00004828000010093092
0.00028285000007599592
0.00004729900001620990
0.00005113899987918558
0.00044641800013778266
0.00002307899967490812
0.00023350800029220409
0.00002182199978051358
0.00023201599969979725
0.00002132800000254065
0.00002902100004575914
0.00023597100016559125
0.00002806699967550230
0.00040464799985784339
0.00002132300005541765
0.00040265100005854038
0.00002085799997075810
0.00002948900009869249
0.00039902899970911676
0.00002162700002372731
0.00039624300006835256
0.00002069599986498361
0.00039878400002635317
0.00002029799998126691
0.00002800800029945094
0.00007577700034744339
0.00002101600011883420
0.00003163500014125020
0.00025864200006253668
0.00002010300022448064
0.00002687500000320142
0.00010100999998030602
[47] forward pass time :  0.0058146310002484825
0.00032405499996457365
0.00008335600023201550
0.00047925599983500433
0.00007960500033732387
0.00008112299974527559
0.00022538500024893438
0.00004748599985759938
0.00028521800004455145
0.00004744599982586806
0.00005073500005892129
0.00044428000001062173
0.00002252000012958888
0.00023516599958384177
0.00002151299986508093
0.00023874699991210946
0.00002277100020364742
0.00003144399988741498
0.00023882499999672291
0.00002285700020365766
0.00040506400000595022
0.00002203499980168999
0.00040393500012214645
0.00002068399999188841
0.00002906899999288726
0.00039834599965615780
0.00002070700020340155
0.00039542000013170764
0.00002074400026685908
0.00039512500006821938
0.00002049200020337594
0.00002840999968611868
0.00007683300009375671
0.00002101400013998500
0.00003206400015187683
0.00025929299999916111
0.00002016799999182695
0.00002670899993972853
0.00010164499963138951
[48] forward pass time :  0.00581039899998359
0.00032519199976377422
0.00008355199997822638
0.00048172400011026184
0.00007953799968163366
0.00008157100000971695
0.00022353000031216652
0.00004798999998456566
0.00028385099994920893
0.00004714600027000415
0.00005089700016469578
0.00044946900015929714
0.00002288199993927265
0.00023270700012290035
0.00002220599981228588
0.00023386399971059291
0.00002115400002367096
0.00003035899999304092
0.00023686999975325307
0.00002161299971703556
0.00040307500012204400
0.00002077099998132326
0.00039758100001563434
0.00002060800034087151
0.00002854800004570279
0.00039684600005784887
0.00002149299962184159
0.00039720699987810804
0.00002130199982275371
0.00039513799993073917
0.00002042699998128228
0.00002814099980241735
0.00007540199976574513
0.00002068100002361462
0.00003145800019410672
0.00025796600039029727
0.00001970799985429039
0.00002681799969650456
0.00010191799992753658
[49] forward pass time :  0.005792773999928613
0.00033861899964904296
0.00008417200024268823
0.00048212399997282773
0.00007920799998828443
0.00008127199998853030
0.00022561900004802737
0.00004849600009038113
0.00028599500001291744
0.00004702799969891203
0.00005148200034454931
0.00044774599973607110
0.00002361299993935972
0.00023487099997510086
0.00002278100009789341
0.00023253500012287986
0.00002134699980160804
0.00003048500002478249
0.00023781699974279036
0.00002164199986509630
0.00040276099980474100
0.00002100599976984086
0.00040242900013254257
0.00002088600012939423
0.00002902899996115593
0.00040097999999488820
0.00002185099992857431
0.00039759399987815414
0.00002114799963237601
0.00039596699980393169
0.00002098599998134887
0.00002814200024658930
0.00007677599978705985
0.00002094000001306995
0.00003212799992979853
0.00025920200005202787
0.00002009799982261029
0.00002767200021480676
0.00010181200013903435
[50] forward pass time :  0.005831017999753385
0.00032681599986972287
0.00008348400024260627
0.00048198400008914177
0.00007929599996714387
0.00008157299998856615
0.00022445000013249228
0.00004899099985777866
0.00028544299993882305
0.00004736199980470701
0.00005189600005905959
0.00044577000016943202
0.00002255900017189560
0.00023302399995372980
0.00002151099988623173
0.00023036199991111062
0.00002111799994963803
0.00002966500005641137
0.00023746699980620178
0.00002179100010835100
0.00040345200022784411
0.00002075200018225587
0.00039968200007933774
0.00002044399980150047
0.00002853700016203220
0.00039688100014245720
0.00002112400034093298
0.00039604599987796973
0.00002035399984379183
0.00039444899994123261
0.00002039199989667395
0.00002854700005627819
0.00008086899970294326
0.00002168799983337522
0.00003214599973944132
0.00025927700016836752
0.00002015000018218416
0.00002673399967534351
0.00010330300028726924
[51] forward pass time :  0.005806121999739844
0.00032516500004931004
0.00008316699995702947
0.00048339500017391401
0.00007932899961815565
0.00008069900013651932
0.00022468599991043448
0.00004842099997404148
0.00028427600000213715
0.00004718899981526192
0.00005125699999553035
0.00044658700016952935
0.00002285399978063651
0.00023517499994341051
0.00002203299982284079
0.00023190600040834397
0.00002154999992853845
0.00002969700017274590
0.00023676000000705244
0.00002139499974873615
0.00040235799997390131
0.00002180799992856919
0.00040286200010086759
0.00002084800007651211
0.00002884900004573865
0.00039887200000521261
0.00002108499984387890
0.00039535199994134018
0.00002072200004477054
0.00039507500014224206
0.00002066899969577207
0.00002838099999280530
0.00007628299999851151
0.00002072600000246894
0.00003187999982401379
0.00025821999997788225
0.00002005100031965412
0.00002698300022530020
0.00010221299999102484
[52] forward pass time :  0.0057987560003311955
0.00032668899984855670
0.00008303799995701411
0.00048091100006786291
0.00007946699997773976
0.00008052899966060068
0.00022516499984703842
0.00004764400000567548
0.00028575899978022790
0.00004796599978362792
0.00005059900013293372
0.00044720800042341580
0.00002389300016147899
0.00023513099995398079
0.00002175999998144107
0.00024101100007101195
0.00002288999985466944
0.00003145299979223637
0.00023857799988036277
0.00002207099987572292
0.00040442999988954398
0.00002054400010820245
0.00040055799991023378
0.00002032300017162925
0.00002889400002459297
0.00039921300003697979
0.00002126600020346814
0.00039777100028004497
0.00002057699975921423
0.00039668299996264977
0.00002024000013989280
0.00002866799968614941
0.00007601700008308399
0.00002084400011881371
0.00003202500010957010
0.00025940699970306014
0.00001965199999176548
0.00002695500006666407
0.00010215399970547878
[53] forward pass time :  0.005845996000061859
0.00032655399991199374
0.00008416399987254408
0.00048127499985639588
0.00007970899969222955
0.00008099600017885678
0.00022254299983615056
0.00004814100020666956
0.00028610600020329002
0.00004715799968835199
0.00005123199980516802
0.00044863399989480968
0.00002393800014033332
0.00023598899997523404
0.00002172400036215549
0.00023156599991125404
0.00002112699985445943
0.00003001100003530155
0.00023606900003869669
0.00002143699975931668
0.00040398500004812377
0.00002126400022461894
0.00040352999985771021
0.00002052699983323691
0.00002920500037362217
0.00039999099999477039
0.00002079500018226099
0.00039550600013171788
0.00002047799989668420
0.00039608399993085186
0.00002092399972752901
0.00002838099999280530
0.00007637699991391855
0.00002114900007654796
0.00003202100015187170
0.00025963300004150369
0.00001989199972740607
0.00002710199987632222
0.00010237700007564854
[54] forward pass time :  0.0058112140000048385
0.00032486700001754798
0.00008406000006289105
0.00048063299982459284
0.00007974099980856408
0.00008131999993565842
0.00022583100007977919
0.00004801299974133144
0.00029112799984432058
0.00004805899970961036
0.00005205300021771109
0.00045029800003248965
0.00002322499994988902
0.00023478799994336441
0.00002219999987573829
0.00023138699998526135
0.00002178300019295420
0.00003034499968634918
0.00023679400010223617
0.00002176599991798867
0.00040320800007975777
0.00002086499989673030
0.00039927999978317530
0.00002061899976979475
0.00002961400014100946
0.00040048099981504492
0.00002145100006600842
0.00039510599981440464
0.00002091599981213221
0.00039426700004696613
0.00002078099987556925
0.00002885499998228624
0.00007719299992459128
0.00002076900000247406
0.00003864599966618698
0.00026137899976674817
0.00002020500005528447
0.00002764500004559522
0.00010250500008623931
[55] forward pass time :  0.005827457000123104
0.00032635000025038607
0.00008364799987248261
0.00048231299979306641
0.00007991099982973537
0.00008076999984041322
0.00022495500024888315
0.00004829499994229991
0.00028610700019271462
0.00004760800038638990
0.00005062799982624711
0.00044827300007455051
0.00002314500034117373
0.00023485500014430727
0.00002179300008720020
0.00023229699991134112
0.00002140800006600330
0.00003009300007761340
0.00023800799999662559
0.00002132600002369145
0.00040110600002662977
0.00002121500028806622
0.00040338100006920286
0.00002075399970635772
0.00002934499980256078
0.00039613799981452757
0.00002101700010825880
0.00039679800011072075
0.00002065699982267688
0.00039599999990969081
0.00002025100002356339
0.00002846699999281554
0.00007681300030526472
0.00002026399988608318
0.00003257400021539070
0.00026002999993579579
0.00001955599964276189
0.00002733700011958717
0.00010160200008613174
[56] forward pass time :  0.005807198000184144
0.00032482899996466585
0.00008424400039075408
0.00048330199979318422
0.00007938599992485251
0.00008117000015772646
0.00022682999997414299
0.00004768100006913301
0.00028364299987515551
0.00004757299984703423
0.00005061199999545352
0.00044671600016954471
0.00002291400005560718
0.00023338900018643471
0.00002234999965367024
0.00023286100031327805
0.00002220599981228588
0.00003156599996145815
0.00023799400014468119
0.00002193099999203696
0.00040404400033366983
0.00002096500020343228
0.00040043399985734141
0.00002116499990734155
0.00002878799978134339
0.00039778500013198936
0.00002123600006598281
0.00039623800012122956
0.00002073099994959193
0.00039575399978275527
0.00002050100010819733
0.00002861799976017210
0.00007614900005137315
0.00002070100026685395
0.00003273099991929485
0.00025842400009423727
0.00001976600015041186
0.00002731399990807404
0.00010159099974771379
[57] forward pass time :  0.005805579000025318
0.00032484999974258244
0.00008415799993599649
0.00047926699971867492
0.00007968599993546377
0.00008101999992504716
0.00022664500011160271
0.00004857300018556998
0.00028441199992812471
0.00004819800005861907
0.00005182399991099373
0.00045558500005427049
0.00002299400011906982
0.00023427500036632409
0.00002199300024585682
0.00023101400029190700
0.00002143800020348863
0.00002992800000356510
0.00023719000000710366
0.00002168100036215037
0.00040149300002667587
0.00002035699981206562
0.00040066899964585900
0.00002166399963243748
0.00002899399987654760
0.00040197499993155361
0.00002149299962184159
0.00039642899992031744
0.00002092699969580281
0.00039403300024787313
0.00002058400013993378
0.00002893800001402269
0.00007607099996675970
0.00002063900001303409
0.00003210200020475895
0.00026012999978775042
0.00002008699993893970
0.00002708100009840564
0.00010227800021311850
[58] forward pass time :  0.00581291099979353
0.00037814799998159287
0.00009488500018051127
0.00050855400013460894
0.00008939800000007381
0.00009670000008554780
0.00025389399979758309
0.00005688399960490642
0.00030796600003668573
0.00005611100004898617
0.00006487500013463432
0.00047387799986609025
0.00003860500009977841
0.00026290300002074218
0.00003721599978234735
0.00025775099993552431
0.00003624400005719508
0.00005178399987926241
0.00026395699978820630
0.00003740199963431223
0.00043203600034757983
0.00003881400016325642
0.00042791699979716213
0.00003654300007838174
0.00005167100016478798
0.00042363100010334165
0.00003780699989874847
0.00042228400025123847
0.00003671200011012843
0.00042309500031478819
0.00003645700007837149
0.00005034000014347839
0.00011863700001413235
0.00003597499971874640
0.00005468500012284494
0.00028518999988591531
0.00003545899971868494
0.00004797499968844932
0.00012620099960258813
[59] forward pass time :  0.006713704000048892
0.00036716399972647196
0.00009531700015941169
0.00050921800038850051
0.00008957400041254004
0.00009674800003267592
0.00025487400034762686
0.00005841499978487263
0.00031112499982555164
0.00005711500034522032
0.00006613499999730266
0.00047749199984536972
0.00003896799989888677
0.00026066300006277743
0.00003749300003619283
0.00025794000021051033
0.00003695299983519362
0.00005206899959375733
0.00026449799997863011
0.00003900199999407050
0.00042901799997707712
0.00003714700005730265
0.00042782400032592705
0.00003668099998321850
0.00005042100019636564
0.00042406600005051587
0.00003760600020541460
0.00042366900015622377
0.00003699700027937070
0.00042461600014576106
0.00004067899999427027
0.00005284799999571987
0.00010367499999119900
0.00003761800007850979
0.00005420200022854260
0.00028595000003406312
0.00003547599999365048
0.00004828000010093092
0.00012657600018428639
[60] forward pass time :  0.006726248000177293
0.00039624100008950336
0.00010396400011813967
0.00053390300035971450
0.00010004000023400295
0.00009895599987430614
0.00025941099966075853
0.00005906699971092166
0.00031425099996340577
0.00005771299993284629
0.00006603900010304642
0.00047525700028927531
0.00004033599998365389
0.00026096700003108708
0.00003801000002567889
0.00025919099971360993
0.00003745000003618770
0.00005265900017548120
0.00028008399976897635
0.00003896899988831137
0.00043356299966035294
0.00003790700020545046
0.00042991999998776009
0.00003682799979287665
0.00005114299983688397
0.00042985800018868758
0.00003968900000472786
0.00042549699992378009
0.00003718800007845857
0.00042326099992351374
0.00003702200001498568
0.00005128099974172073
0.00010648699981175014
0.00003744500008906471
0.00005615800000668969
0.00028709900016110623
0.00003540199986673542
0.00004900800013274420
0.00012807899975086912
[61] forward pass time :  0.006859249000171985
0.00037547400006587850
0.00009753400036061066
0.00051141699987056199
0.00009062100025403197
0.00010045400040326058
0.00025684000002001994
0.00005906299975322327
0.00031231200000547688
0.00005729099984819186
0.00006747599991285824
0.00049008499991032295
0.00004360599996289238
0.00026643499995770981
0.00003884199986714520
0.00026834300024347613
0.00003905099993062322
0.00005537600009120069
0.00026807999984157505
0.00003878500001519569
0.00042999100014640135
0.00003778299969781074
0.00043138999990333105
0.00003747900018424843
0.00005231599971011747
0.00043002599977626232
0.00003860299966618186
0.00042642000016712700
0.00003725200031112763
0.00042464500029382179
0.00003731000015250174
0.00006807399995523156
0.00010988400026690215
0.00003795100019488018
0.00005842800010213978
0.00029107000000294647
0.00003650600001492421
0.00004988599994248943
0.00012993799964533537
[62] forward pass time :  0.006883175999973901
0.00040266799987875856
0.00010442800021337462
0.00052796099998886348
0.00009658300041337498
0.00010884299990721047
0.00027169299983142992
0.00006406700003935839
0.00032527700022910722
0.00006316099961622967
0.00007505500025217771
0.00049204199967789464
0.00004873700027019368
0.00027823200025522965
0.00004703000013250858
0.00027321300012772554
0.00004598099985742010
0.00006559399980687886
0.00028439000016078353
0.00005363199989005807
0.00045838000005460344
0.00003926399995179963
0.00042905800000880845
0.00003890599964506691
0.00005566400022871676
0.00043032399980802438
0.00004047499987791525
0.00042776300006153178
0.00003860200013150461
0.00042293100023016450
0.00003792799998336704
0.00005255199994280702
0.00011216500024602283
0.00003774000015255297
0.00005930899988015881
0.00029015500012974371
0.00003704099981405307
0.00005009899996366585
0.00013022999974054983
[63] forward pass time :  0.007091677000062191
0.00038280100034171483
0.00010754999993878300
0.00051548700002967962
0.00009065800031748950
0.00010076700027639163
0.00025826199998846278
0.00005933800002821954
0.00031660499962526956
0.00005751000026066322
0.00006758100016668322
0.00048072599975057528
0.00004154599992034491
0.00026469599970369018
0.00003846099980364670
0.00026155799969274085
0.00003933099969799514
0.00005549199977394892
0.00027044899979955517
0.00004012399995190208
0.00043511900003068149
0.00003915999968739925
0.00043254199999864795
0.00003877000017382670
0.00005385599979490507
0.00042957599998771911
0.00003925900000467664
0.00042595800005074125
0.00003746799984583049
0.00042498499988141702
0.00003815100035353680
0.00005276699994283263
0.00011364800002411357
0.00003820200026893872
0.00005904299996473128
0.00029210299999249401
0.00003638099997260724
0.00005041199983679689
0.00013151599978300510
[64] forward pass time :  0.006865652999749727
0.00038471199968626024
0.00009811100017032004
0.00051427200014586560
0.00009207599987348658
0.00010107799971592613
0.00025924599958671024
0.00006018499971105484
0.00031513600015387055
0.00005897900018680957
0.00006706600015604636
0.00048078700001497054
0.00004156100021646125
0.00026383100021121209
0.00003797099998337217
0.00026030100025309366
0.00003743900015251711
0.00005439400001705508
0.00026857100010602153
0.00003898700015270151
0.00043255199989289395
0.00004271099987818161
0.00043620900032692589
0.00003852700001516496
0.00005495999994309386
0.00043033500014644233
0.00004015500007881201
0.00042501200005062856
0.00003842900014205952
0.00042221300009259721
0.00003919799974028138
0.00005334699972081580
0.00011108199987575063
0.00003828299986707862
0.00005946800001765951
0.00029102899998179055
0.00003650600001492421
0.00004971099997419515
0.00013030499985688948
[65] forward pass time :  0.006855537999854278
0.00038181399986569886
0.00009890199999063043
0.00051645299981828430
0.00009107799996854737
0.00010117300007550512
0.00026159799972447217
0.00005940400023973780
0.00031505700007983251
0.00005857699989064713
0.00007066399984978489
0.00048290900031133788
0.00004172800026935874
0.00026702900004238472
0.00003898499971910496
0.00026219399978799629
0.00003862799985654419
0.00005459000021801330
0.00026841799990506843
0.00003996999976152438
0.00043209099976593279
0.00003860100014208001
0.00043014599987145630
0.00003809300005741534
0.00005339800009096507
0.00043018799988203682
0.00003939700036426075
0.00042560600013530347
0.00003776499988816795
0.00042741400011436781
0.00004275300034350948
0.00005482299957293435
0.00011158400002386770
0.00003743499974007136
0.00005821400009153876
0.00029326100002435851
0.00003659900039565400
0.00005030800002714386
0.00013180199994167197
[66] forward pass time :  0.006864283999675536
0.00038376499969672295
0.00009876900003291667
0.00051548700002967962
0.00009090300000025309
0.00010110099992743926
0.00025784199988265755
0.00005913299992243992
0.00031477899983656243
0.00005791800003862591
0.00006801400013500825
0.00047953900002539740
0.00004229700016367133
0.00027475900014906074
0.00003886100012095994
0.00026417100025355467
0.00003798399984589196
0.00005500899987964658
0.00026931000002150540
0.00004104900017409818
0.00043587400023170630
0.00004015999957118765
0.00043522500027393107
0.00003872800016324618
0.00005486899999596062
0.00043082100000901846
0.00003944200034311507
0.00042716600000858307
0.00003852400004689116
0.00042511900028330274
0.00003818799996224698
0.00005358700036595110
0.00011152699971717084
0.00003851600013149437
0.00005987899976389599
0.00029115799998180592
0.00003754999988814234
0.00005013400004827417
0.00013114900002619834
[67] forward pass time :  0.006875185000353667
0.00038445400014097686
0.00009866599975794088
0.00051379099977566511
0.00009059800004251883
0.00010026600011769915
0.00025713000013638521
0.00005967300012343912
0.00031260600007954054
0.00006008499985910021
0.00006877000032545766
0.00048005600001488347
0.00004139500015298836
0.00026538800011621788
0.00005989800001771073
0.00026902999979938613
0.00003877300014210050
0.00005641500001729582
0.00026830599972527125
0.00004023400015285006
0.00043483099989316543
0.00003866599990942632
0.00043044399990321836
0.00003784299997278140
0.00005377500019676518
0.00043072600010418682
0.00004000900025857845
0.00042711200012490735
0.00003854100032185670
0.00042681600007199449
0.00003811199985648273
0.00005395799962570891
0.00011128500000268104
0.00003889599975082092
0.00005908900038775755
0.00029091399983371957
0.00003709200018420233
0.00004974800003765267
0.00013101300010021077
[68] forward pass time :  0.006878207999761798
0.00041310799997518188
0.00010004500018112594
0.00052954400007365621
0.00009334300011687446
0.00011550899989742902
0.00026190500011580298
0.00006104700014475384
0.00031703300010121893
0.00005819700027132058
0.00006899700019857846
0.00048099700006787316
0.00004218999993099715
0.00026517500009504147
0.00003837199983536266
0.00026092799998878036
0.00003779200005737948
0.00007152499983931193
0.00027213499970457633
0.00004131100013182731
0.00043459599964990048
0.00003822300004685530
0.00043105900022055721
0.00003796600003624917
0.00005348400009097531
0.00050816600014513824
0.00004423500013217563
0.00043203599989283248
0.00003924500015273225
0.00042662100031520822
0.00003779100006795488
0.00005384200039770803
0.00012371199954941403
0.00003822700000455370
0.00005978499984848895
0.00030012300021553528
0.00003699800026879529
0.00005047300010119216
0.00013187400008973782
[69] forward pass time :  0.0070581669997409335
0.00038515500000357861
0.00009856400038188440
0.00051454100002956693
0.00009098800001083873
0.00010212100005446700
0.00025649799999882816
0.00005986300038784975
0.00031368200006909319
0.00005756499967901618
0.00006837199998699361
0.00048112000013134093
0.00004361299988886458
0.00026784400006363285
0.00003879699988829088
0.00026064199983011349
0.00003786299976127339
0.00005527099983737571
0.00026772999990498647
0.00003955399961341755
0.00043322600004103151
0.00003910599980372353
0.00043298099990352057
0.00003792400002566865
0.00005305700005919789
0.00043013999993490870
0.00003895999998348998
0.00042706200019893004
0.00003755399984584074
0.00042687700033638976
0.00003773000025830697
0.00005280699997456395
0.00011221800014027394
0.00003936700022677542
0.00006024799995429930
0.00031028000012156554
0.00003920399967682897
0.00005315299995345413
0.00013613400005851872
[70] forward pass time :  0.006879049999952258
0.00038488099971800693
0.00009854800009634346
0.00051584099992396659
0.00009081600001081824
0.00010184800021306728
0.00026252299994666828
0.00006658800020886702
0.00032608499986963579
0.00005936099978498532
0.00007119599968063994
0.00048203900041698944
0.00004080899998371024
0.00026445899993632338
0.00003933600009986549
0.00026285499961886671
0.00003793399991991464
0.00005613800021819770
0.00026851900020119501
0.00004009600024801330
0.00043439599994599121
0.00003901399986716569
0.00043190700034756446
0.00003802199989877408
0.00005411900019680616
0.00043202899996686028
0.00003978599988840870
0.00042571200037855306
0.00004020899996248772
0.00042894399985016207
0.00003928600017388817
0.00005425400013336912
0.00011263699980190722
0.00003858799982481287
0.00005950700005996623
0.00029310500030987896
0.00003665799977170536
0.00005044299996370682
0.00013223699988884619
[71] forward pass time :  0.006938532000276609
0.00039174499988803291
0.00009975600005418528
0.00052029300013600732
0.00009127599969360745
0.00010137299977941439
0.00025809599992498988
0.00005879000036657089
0.00031547799972031498
0.00005867600020792452
0.00006778900024073664
0.00048000399965530960
0.00004194600023765815
0.00026517600008446607
0.00003965099995184573
0.00025999899980888586
0.00003769199975067750
0.00005432099987956462
0.00026683200030674925
0.00003931399987777695
0.00043166500017832732
0.00003740600004675798
0.00045046500008538715
0.00004164199981460115
0.00005628200005958206
0.00043554600006245892
0.00004032800006825710
0.00042772000006152666
0.00003806499989877921
0.00042578900001899456
0.00003770700004679384
0.00005313900010150974
0.00011104599980171770
0.00003839200007860200
0.00005917899989071884
0.00029141400000298745
0.00003655599994090153
0.00005028299983678153
0.00013082700024824589
[72] forward pass time :  0.0068900059995939955
0.00038258099993981887
0.00009886000043479726
0.00051933700024164864
0.00009130499984166818
0.00010017100021286751
0.00025748999996721977
0.00005840900030307239
0.00031391500033350894
0.00005840099993292824
0.00006850399995528278
0.00048059800019473187
0.00004153100007897592
0.00026542500017967541
0.00003983700025855796
0.00026172900015808409
0.00003710400005729753
0.00005453699986901483
0.00026988399986294098
0.00004209300004731631
0.00043583899969235063
0.00003821800009973231
0.00043203799987168168
0.00003858799982481287
0.00005400000009103678
0.00043167199964955216
0.00003931599985662615
0.00042602699977578595
0.00003809500003626454
0.00042498699986026622
0.00003713400019478286
0.00005411799975263420
0.00011164899979121401
0.00003816900016317959
0.00005917199996474665
0.00029094699993947870
0.00003645699962362414
0.00004938299980494776
0.00013071600005787332
[73] forward pass time :  0.00685406000002331
0.00038386300002457574
0.00009892700018099276
0.00051356300036786706
0.00009039499991558841
0.00010114199994859518
0.00025813899992499501
0.00006008300033499836
0.00031401500018546358
0.00005763000035585719
0.00006745500013494166
0.00048085600019476260
0.00004164600022704690
0.00026489299989407300
0.00004896200016446528
0.00026915800026472425
0.00003887899993060273
0.00005591199987975415
0.00026881899975705892
0.00003944599984606612
0.00043251099987173802
0.00003798300031121471
0.00043105400027343421
0.00003796999999394757
0.00005303000034473371
0.00043278800012558349
0.00004055499994137790
0.00042937999978676089
0.00003808600013144314
0.00042591400006131153
0.00003803599975071847
0.00005315099997460493
0.00011324300021442468
0.00003871699982482824
0.00005936299976383452
0.00029228599987618509
0.00003775400000449736
0.00005038499966758536
0.00013115699994159513
[74] forward pass time :  0.00688184699993144
0.00038323599983414169
0.00009814899976845481
0.00052381200021045515
0.00009279500000047847
0.00010144999987460324
0.00026148400002057315
0.00005951100001766463
0.00031499199985773885
0.00005869400001756730
0.00006853100012449431
0.00048109799990925239
0.00004193299992039101
0.00026517499964029412
0.00003836699988823966
0.00026100900004166760
0.00003829299976132461
0.00005571000019699568
0.00026927800035991822
0.00003944699983549071
0.00043196700016778777
0.00003800199965553475
0.00042904100018859026
0.00003820600022663712
0.00005210400013311300
0.00043109899979754118
0.00005647600028169109
0.00043419800022093114
0.00004023299970867811
0.00042749299973365851
0.00003810099997281213
0.00005398499979492044
0.00011092900012954487
0.00003848999995170743
0.00005990199997540913
0.00029290699967532419
0.00003633400001490372
0.00005054499979451066
0.00013105900006848969
[75] forward pass time :  0.006889359000069817
0.00038744199991924688
0.00009817199997996795
0.00052610400007324643
0.00009233299988409271
0.00010078300010718522
0.00025977499990403885
0.00005964000001767999
0.00031254600025931722
0.00005795800007035723
0.00006813699974372867
0.00047864099997241283
0.00004097799956070958
0.00026421199981996324
0.00003921300003639772
0.00026477600022190018
0.00003774099968723021
0.00005443800000648480
0.00026843200021176017
0.00004036700011056382
0.00043323999989297590
0.00003815699983533705
0.00043154800005140714
0.00003838100019493140
0.00006468199990194989
0.00043417100005171960
0.00003982799989898922
0.00042699300001913798
0.00003788799995163572
0.00042505500005063368
0.00003782000021601561
0.00005294700031299726
0.00011022699982277118
0.00003861000004690140
0.00005941100016570999
0.00029198199990787543
0.00003686000036395853
0.00005060499961473397
0.00012983199985683314
[76] forward pass time :  0.0068746160000046075
0.00038368900004570605
0.00009914299971569562
0.00051729200004047016
0.00009175300010610954
0.00010084800032927888
0.00026125099975615740
0.00005942100005995599
0.00031436800009032595
0.00005783300002804026
0.00006856000027255504
0.00047906600002534105
0.00004204700007903739
0.00026406899996800348
0.00003932199979317375
0.00026264899997840985
0.00003816900016317959
0.00005451699962577550
0.00027100200031782151
0.00006175699991217698
0.00044280899965087883
0.00004030199988847016
0.00043058899973402731
0.00003848699998343363
0.00005501799978446797
0.00042875500002992339
0.00003958500019507483
0.00042778199986059917
0.00003765900009966572
0.00042638500008251867
0.00003805599999395781
0.00005266500011202879
0.00011265500006629736
0.00003828699982477701
0.00005991399984850432
0.00029171200003474951
0.00003656800026874407
0.00005018800038669724
0.00013323499979378539
[77] forward pass time :  0.006894985000144516
0.00038377800001399009
0.00009871499969449360
0.00051319599970156560
0.00009087399985219236
0.00010084199993798393
0.00025746199980858364
0.00005894500009162584
0.00031271500029106392
0.00005853499988006661
0.00006747199995515984
0.00047946400036380510
0.00004116999980396940
0.00026508100017963443
0.00003936100029022782
0.00026131000004170346
0.00003964200004702434
0.00005579900016527972
0.00027245000001130393
0.00003963800008932594
0.00043219999997745617
0.00003830500008916715
0.00043149400016773143
0.00003785499984587659
0.00005339299968909472
0.00043040799982918543
0.00003847700008918764
0.00042601599989211536
0.00003858299987768987
0.00042626399999790010
0.00003821400014203391
0.00005263000002742046
0.00011284599986538524
0.00003877300014210050
0.00006007499996485421
0.00029200799963291502
0.00003711099998326972
0.00005042200018579024
0.00013159799982531695
[78] forward pass time :  0.006846847000360867
0.00038297499986583716
0.00009836599974732962
0.00051313399990249309
0.00009071499971469166
0.00010028299993791734
0.00026035799965029582
0.00005944600025031832
0.00031564900018565822
0.00005832600027133594
0.00006734399994456908
0.00047951499982445966
0.00004197799989924533
0.00026611300017975736
0.00003885299975081580
0.00026251000008414849
0.00003812399972957792
0.00005547499995373073
0.00026967499979946297
0.00004957399960403563
0.00043686199978765217
0.00003915100023732521
0.00043104899987156386
0.00003813700004684506
0.00005434900003820076
0.00043178999976589694
0.00003938299960282166
0.00042487800010349019
0.00003764699977182318
0.00042537600029390887
0.00003748500012079603
0.00005217299985815771
0.00011117699978058226
0.00003862999983539339
0.00005958500014457968
0.00029101400014042156
0.00003670600017358083
0.00005203999990044395
0.00013011999999434920
[79] forward pass time :  0.00686163199998191
0.00038383399987651501
0.00009844099986366928
0.00052824700014753034
0.00009330400007456774
0.00010176300020248163
0.00025952500027415226
0.00006137999980637687
0.00031730499995319406
0.00005791100011265371
0.00006922700003997306
0.00047930800019457820
0.00004119499999433174
0.00026358400009485194
0.00003867499981424771
0.00026244599985147943
0.00003734599977178732
0.00005566099980569561
0.00027117500030726660
0.00003983900023740716
0.00043295100022078259
0.00003797499994107056
0.00043113899982927251
0.00003834400013147388
0.00005413799999587354
0.00043069000003015390
0.00003938500003641821
0.00042776700001923018
0.00004340499981481116
0.00043210800004089833
0.00003785099988817819
0.00005452499999591964
0.00011194199987585307
0.00003803499976129388
0.00005905899979552487
0.00029253100001369603
0.00003703699985635467
0.00004975699994247407
0.00013148799962436897
[80] forward pass time :  0.006925000000137516
0.00039417100015270989
0.00009981900029742974
0.00051544600000852370
0.00009066900020116009
0.00010057600002255640
0.00025681400029498036
0.00006012999983795453
0.00031359100012195995
0.00005939299990131985
0.00006873200027257553
0.00048056500008897274
0.00004103299988855724
0.00026361900017946027
0.00003860900005747681
0.00026206199981970713
0.00003799600017373450
0.00005524700009118533
0.00027040399982070085
0.00004091600021638442
0.00043413799994596047
0.00003843599961328437
0.00043540600017877296
0.00004004799984613783
0.00005503700003828271
0.00043288900042171008
0.00004023399969810271
0.00042523899992374936
0.00003976700008934131
0.00042551299975457368
0.00003745599997273530
0.00005326300015440211
0.00011178100021425053
0.00003872400020554778
0.00005999799986966536
0.00029160299982322613
0.00003667500004667090
0.00004927999998471932
0.00012988399976165965
[81] forward pass time :  0.006877402999634796
0.00038195099978111102
0.00009914199972627102
0.00051498299990271335
0.00009153700011665933
0.00010145199985345243
0.00025772100025278633
0.00005977299997539376
0.00031762800017531845
0.00005795800007035723
0.00006791899977542926
0.00048111500018421793
0.00004294599966669921
0.00026573900004223105
0.00003997599969807197
0.00026314800015825313
0.00003814600040641380
0.00005565899982684641
0.00026960700006384286
0.00004547199978333083
0.00043674700009432854
0.00003918099992006319
0.00043056000004071393
0.00003842800015263492
0.00005530199996428564
0.00043321700013621012
0.00003941000022678054
0.00042813000027308590
0.00003900100000464590
0.00042664800002967240
0.00003724700036400463
0.00005254300003798562
0.00011083900017183623
0.00003788000003623893
0.00005897499977436382
0.00029291900000316673
0.00003679399969769293
0.00005031299997426686
0.00013105500011079130
[82] forward pass time :  0.006872888999623683
0.00038482299987663282
0.00009928600002240273
0.00051800100027321605
0.00009098999998968793
0.00010104100010721595
0.00025315699986094842
0.00005964399997537839
0.00031525000031251693
0.00005813300003865152
0.00006756399989171769
0.00048807100029080175
0.00004446999992069323
0.00026915599983112770
0.00003922399992006831
0.00026290300002074218
0.00003821800009973231
0.00005564399998547742
0.00026787599972522003
0.00004021899985673372
0.00043271499998809304
0.00003766800000448711
0.00043397800027378253
0.00003784699993047980
0.00005387300006987061
0.00042927999993480626
0.00004028400007882738
0.00042476499993426842
0.00003833799974017893
0.00042334099998697639
0.00003799900014200830
0.00005276299998513423
0.00011171400001330767
0.00003738300028999220
0.00005964899992250139
0.00029141400000298745
0.00004043200033265748
0.00005233399997450761
0.00013555399982578820
[83] forward pass time :  0.006872114999623591
0.00038155299989739433
0.00009955899986380246
0.00051884499998777756
0.00009090999992622528
0.00010154099982173648
0.00025848699988273438
0.00005971800010229344
0.00031741899965709308
0.00005890300008104532
0.00006899700019857846
0.00048015699985626270
0.00004179999996267725
0.00026444699960848084
0.00003900399997291970
0.00026218399989375030
0.00003791900007854565
0.00005481700009113410
0.00027030299997932161
0.00003976199968747096
0.00043234199983999133
0.00003861899995172280
0.00043187999972360558
0.00003817700007857638
0.00005403499972089776
0.00043125000001964509
0.00003983999977208441
0.00042699199957496603
0.00003849499989883043
0.00043489299969223794
0.00003881500015268102
0.00005341900032362901
0.00011207500028831419
0.00003908500002580695
0.00005908100001761341
0.00029008100000282866
0.00003719599999385537
0.00005016100021748571
0.00013143900014256360
[84] forward pass time :  0.006870310000067548
0.00038275299993983936
0.00009904399985316559
0.00051578399961726973
0.00009267299992643530
0.00010158600025533815
0.00026036500003101537
0.00005985799998597940
0.00031411800000569201
0.00005796900040877517
0.00006804400027249358
0.00048169899991989951
0.00004087200022695470
0.00026660700041247765
0.00003982899988841382
0.00026189099980911124
0.00003877299968735315
0.00005526100039787707
0.00026837099994736491
0.00003961599986723741
0.00043296600006215158
0.00003817700007857638
0.00042843399978664820
0.00003760099980354425
0.00005376499984777183
0.00043120999998791376
0.00004619600031219306
0.00043329399977665162
0.00003889500021614367
0.00042678699992393376
0.00003839600003630039
0.00005333199987944681
0.00011115999996036408
0.00003767999987758230
0.00005949900014456944
0.00029358400024648290
0.00003610599969761097
0.00004901300007986720
0.00012985399962417432
[85] forward pass time :  0.006865835000098741
0.00038175800000317395
0.00010031300007540267
0.00051868799982912606
0.00009135699974649469
0.00010138800007553073
0.00025972399998863693
0.00005953699974270421
0.00031419400011145626
0.00005828100029248162
0.00006734599992341828
0.00048105399991982267
0.00004200800003673066
0.00026693399968280573
0.00003912400006811367
0.00026253499981976347
0.00003833899972960353
0.00005528500014406745
0.00026823100006367895
0.00003944399986721692
0.00043385199978729361
0.00003805799997280701
0.00043312800016792607
0.00004083400017407257
0.00005547999990085373
0.00043505599978743703
0.00003958300021622563
0.00042628900018826243
0.00003827000000455882
0.00042740699973364826
0.00003794700023718178
0.00005250499998510350
0.00011186700021426077
0.00003801899993050029
0.00006088700001782854
0.00029355300011957297
0.00003744900004676310
0.00005009999995309045
0.00013047699985690997
[86] forward pass time :  0.006872027000099479
0.00038573200026803534
0.00009841299970503314
0.00051275299983899458
0.00009060999991561403
0.00010155499967368087
0.00025618500012569712
0.00005909799983783159
0.00031366000030175201
0.00005758899987995392
0.00006802600000810344
0.00047981400030039367
0.00004083400017407257
0.00026501499996811617
0.00003837000031126081
0.00026170599994657096
0.00004329200010033674
0.00005738400022892165
0.00027279799996904330
0.00004012299996247748
0.00043194399995627464
0.00003860700007862761
0.00043159599999853526
0.00003846999970846809
0.00005376199987949803
0.00043197500008318457
0.00003954099975089775
0.00042580700028338470
0.00003822600001512910
0.00042600300002959557
0.00003812200020547607
0.00005371399993236992
0.00011285900018265238
0.00003830700006801635
0.00005978999979561195
0.00029083500021442887
0.00003711199997269432
0.00005045700027039857
0.00013155299984646263
[87] forward pass time :  0.006857308999769884
0.00038073599989729701
0.00009800499992707046
0.00051569600009315764
0.00009078099992620992
0.00010080900028697215
0.00025770999991436838
0.00005943999985902337
0.00031259300021702074
0.00006366200022966950
0.00006830000029367511
0.00048223600015262491
0.00004127699958189623
0.00026517300011619227
0.00003875900029015611
0.00026239899989377591
0.00003955000011046650
0.00005666000015480677
0.00027179499966223375
0.00003895999998348998
0.00043210300009377534
0.00003880799977196148
0.00043436900023152702
0.00003812700015259907
0.00005357000009098556
0.00043019699978685821
0.00003964400002587354
0.00042812699985006475
0.00003778900008910568
0.00042350900002929848
0.00003704799974002526
0.00005265800018605660
0.00011226300011912826
0.00003885400019498775
0.00005983799974274007
0.00028989300017201458
0.00003661799973997404
0.00005045300031270017
0.00013138899976183893
[88] forward pass time :  0.006897805000335211
0.00051998899971295032
0.00017212100010510767
0.00053685400007452699
0.00009522199979983270
0.00023546099964733003
0.00026406899996800348
0.00006468699984907289
0.00032013700001698453
0.00005887899988010759
0.00006956399965929450
0.00048574699985692860
0.00004056000034324825
0.00026747799984150333
0.00003916499963452225
0.00026484099998924648
0.00003819399989879457
0.00005806399985885946
0.00027242599981036619
0.00004300199998397147
0.00043638300030579558
0.00003911999965566793
0.00043248199972367729
0.00004440100019564852
0.00005779499997515813
0.00043207200042161276
0.00004003499998361804
0.00043150900000910042
0.00003868900012093945
0.00042570799996610731
0.00003781499981414527
0.00005615899999611429
0.00018081700000038836
0.00004229699970892398
0.00014125300003797747
0.00029830600033164956
0.00003775400000449736
0.00005472500015457626
0.00013542299984692363
[89] forward pass time :  0.007638333000159037
0.00038455200001408230
0.00009840799975791015
0.00051379299975451431
0.00009083100030693458
0.00010174799990636529
0.00025915499963957700
0.00005890700003874372
0.00031768300004841876
0.00005778700005976134
0.00008982899998954963
0.00048323200007871492
0.00004226600003676140
0.00026648700031728367
0.00003940799979318399
0.00026269799991496257
0.00003714400008902885
0.00005516500004887348
0.00026910399992630119
0.00004015000013168901
0.00043146899997736909
0.00003854699980365695
0.00042989199982912396
0.00003850699977192562
0.00005469200004881714
0.00043202299957556534
0.00003982699990956462
0.00042528799986030208
0.00003836399991996586
0.00042832300005102297
0.00003965299993069493
0.00005370500002754852
0.00011100599976998637
0.00003756000023713568
0.00005941800009168219
0.00029176100042604958
0.00003678600023704348
0.00004924299992126180
0.00013126300018484471
[90] forward pass time :  0.006882862000111345
0.00038108500029920833
0.00009901000021272921
0.00051341799962756340
0.00009124300004259567
0.00010082400012834114
0.00025962100016840850
0.00005889999965802417
0.00031730399996376946
0.00005777300020781695
0.00006778199986001709
0.00047825499996179133
0.00004305199990994879
0.00026832699995793519
0.00003928800015273737
0.00026141399985135649
0.00003787700006796513
0.00005551899994316045
0.00026654499970391043
0.00003898000022672932
0.00043172000005142763
0.00003783600004680920
0.00042996100000891602
0.00003805200003625941
0.00005398299981607124
0.00043063100019935519
0.00003886400008923374
0.00042512199979682919
0.00003777100027946290
0.00042467499997655977
0.00003750699988813722
0.00005856300003870274
0.00011446000007708790
0.00004141099998378195
0.00006107600029281457
0.00029468599996107514
0.00003721800021594390
0.00004939599966746755
0.00013053600014245603
[91] forward pass time :  0.006858307999664248
0.00040362400022786460
0.00010348399973736377
0.00053179199994701776
0.00009525900031803758
0.00010897800029852078
0.00027031799982069060
0.00006373800033543375
0.00032617299984849524
0.00006230000008144998
0.00007522499981860165
0.00049450799997430295
0.00004879200014329399
0.00031658899979447597
0.00004130300021643052
0.00026445399998920038
0.00003832199990938534
0.00005591099989032955
0.00026862699996854644
0.00004015599961348926
0.00043173100038984558
0.00003824000032182084
0.00043145099971297896
0.00003809200006799074
0.00005361900002753828
0.00043099999993501115
0.00004002900004707044
0.00042551400019874563
0.00003793599989876384
0.00042391199986013817
0.00003780799988817307
0.00005320300033417880
0.00011178600016137352
0.00003908199960278580
0.00005994799994368805
0.00029220899978099624
0.00003901699983543949
0.00005142400004842784
0.00013516699982574210
[92] forward pass time :  0.007043299999622832
0.00038169099980223109
0.00009834999991653604
0.00051449400007186341
0.00009166500012725010
0.00010186999998040847
0.00026334700032748515
0.00005966399976387038
0.00031486899979427108
0.00005806099989058566
0.00006889799988130108
0.00047810299975026282
0.00004107800032215891
0.00026503900016905391
0.00003912600004696287
0.00026192599989371956
0.00003776499988816795
0.00005458200030261651
0.00026766600012706476
0.00004024200006824685
0.00043278099974486395
0.00003963100016335375
0.00042804099985005450
0.00003803000026891823
0.00005321399976310204
0.00042909500007226598
0.00003943399997297092
0.00042693800014603767
0.00003991900030086981
0.00042686999995567021
0.00003782900012083701
0.00005301999999574036
0.00011128100004498265
0.00003738499981409404
0.00005942899997535278
0.00029131599967513466
0.00003643799982455675
0.00004997899986847187
0.00013058099966656300
[93] forward pass time :  0.006845474000328977
0.00038380199976018048
0.00010041199993793271
0.00051785599998765974
0.00009160399986285483
0.00010021200023402344
0.00025733700022101402
0.00006032999999661115
0.00031751699998494587
0.00005836099990119692
0.00006882599973323522
0.00048092399993038271
0.00004137499990974902
0.00026634400001057656
0.00003860000015265541
0.00026144999992538942
0.00003780199995162548
0.00005491799993251334
0.00026844800004255376
0.00004044000024805428
0.00043351899967092322
0.00003850800021609757
0.00043266000011499273
0.00004363700008980231
0.00005722800005969475
0.00043670600007317262
0.00004042000000481494
0.00042875400004049879
0.00003850400025839917
0.00042577200019877637
0.00003743300021596951
0.00005256099984762841
0.00011240799994993722
0.00003903500009982963
0.00005953000027147937
0.00029096499974912149
0.00003653400017356034
0.00005085800012238906
0.00013179899997339817
[94] forward pass time :  0.0068807279999418824
0.00038396099989768118
0.00009851999993770733
0.00051443100028336630
0.00009159599994745804
0.00010193200023422833
0.00025944099979824387
0.00005930599991188501
0.00031220799974107649
0.00005777500018666615
0.00006614899984924705
0.00047957700007827953
0.00004108500024813111
0.00026528899979894049
0.00003926400040654698
0.00025967800002035801
0.00003800299964495935
0.00005445200031317654
0.00026797400005307281
0.00004022399980385671
0.00043323499994585291
0.00004038599990963121
0.00043381099976613768
0.00003881500015268102
0.00005459400017571170
0.00043088499978694017
0.00003954500016334350
0.00042423700006111176
0.00003786399975069799
0.00042632999975467101
0.00003793299993049004
0.00005289499995342339
0.00011024400009773672
0.00003809600002568914
0.00005932600015512435
0.00029033299961156445
0.00003602300012062187
0.00004991000014342717
0.00013005600021642749
[95] forward pass time :  0.0068381119999685325
0.00038357899984475807
0.00009911699999065604
0.00051374500026213354
0.00009084500015887897
0.00010056200017061201
0.00025997999955507112
0.00005876500017620856
0.00031398300006912905
0.00005804800002806587
0.00006777999988116790
0.00047796200033189962
0.00004134599976168829
0.00026460300023245509
0.00003905099993062322
0.00026103999971383018
0.00003849200038530398
0.00005500099996424979
0.00026862499998969724
0.00004013699981442187
0.00043365199962863699
0.00004330299998400733
0.00043663399992510676
0.00003912700003638747
0.00005392699995354633
0.00043143199991391157
0.00003955700003643869
0.00043036800025220145
0.00003823099996225210
0.00042527499999778229
0.00003841900024781353
0.00005280200002744095
0.00011256800007686252
0.00003830100013146875
0.00005966599974271958
0.00029155199990782421
0.00003665799977170536
0.00004963399987900630
0.00013165100017431541
[96] forward pass time :  0.006860517999939475
0.00038560400025744457
0.00009897600011754548
0.00051603200017780182
0.00009109800021178671
0.00010208999992755707
0.00025908399993568310
0.00005934499995419174
0.00031444600017493940
0.00006604999998671701
0.00006978700002946425
0.00048149800022656564
0.00004170100010014721
0.00026591699997879914
0.00003920500012100092
0.00026264000007358845
0.00003859900016323081
0.00005460300008053309
0.00026834399977815337
0.00003856500006804708
0.00043476700011524372
0.00003786600018429453
0.00042866100011451636
0.00003878000006807270
0.00005396500000642845
0.00043027799983974546
0.00003889399977197172
0.00042813099980776315
0.00003857399997286848
0.00042752399986056844
0.00003973499997300678
0.00005442300016511581
0.00011285300024610478
0.00003794999975070823
0.00005916300005992525
0.00030747200025871280
0.00003992899974036845
0.00005418000000645407
0.00013371900013225968
[97] forward pass time :  0.006946032999621821
0.00038250999978117761
0.00009922000026563182
0.00051479200010362547
0.00009411699966221931
0.00010303899989594356
0.00026446199990459718
0.00006000500025038491
0.00031641799978388008
0.00005815100030304166
0.00006831799964857055
0.00047958999994079932
0.00004191399966657627
0.00026556499960861402
0.00003935599988835747
0.00026216699961878476
0.00003822500002570450
0.00005411400024968316
0.00026795199983098428
0.00003925300006812904
0.00043353800037948531
0.00003838699967673165
0.00043077999998786254
0.00003828299986707862
0.00005352500011213124
0.00042912299977615476
0.00004091399978278787
0.00042821200031539774
0.00003758000002562767
0.00042597199990268564
0.00003706500001499080
0.00005327399958332535
0.00011114200015072129
0.00003806400036410196
0.00005959200007055188
0.00029310099989743321
0.00003639700025814818
0.00004926700012219953
0.00013037700000495533
[98] forward pass time :  0.006859051000446925
0.00038598399987677112
0.00009888199974739109
0.00051195800006098580
0.00009068700001080288
0.00010133300020243041
0.00025778700000955723
0.00005870400036656065
0.00031492500011154334
0.00005746099986936315
0.00006780200010325643
0.00047992500003601890
0.00004356799991001026
0.00026857400007429533
0.00004188200000498910
0.00026406599999972968
0.00003871099988828064
0.00005608000037682359
0.00026919199990516063
0.00004034299990962609
0.00043275999996694736
0.00003841399984594318
0.00042959599977621110
0.00003836099995169207
0.00005309300013323082
0.00042873600023085601
0.00003963200015277835
0.00042485499989197706
0.00003863599977194099
0.00042464999978619744
0.00003818599998339778
0.00005391799959397758
0.00011111300000266056
0.00003871599983540364
0.00007785100024193525
0.00029657400000360212
0.00003765700012081652
0.00005265399977361085
0.00013153899999451824
[99] forward pass time :  0.006884993999847211
0.00040260500009026146
0.00010410200002297643
0.00052754999978787964
0.00009552299979986856
0.00010921900002358598
0.00027245100000072853
0.00006433799990190892
0.00032942400002866634
0.00006264900002861395
0.00007507300006182049
0.00049132499998449930
0.00007819499978722888
0.00028730499980156310
0.00004825499991056859
0.00028020599984301953
0.00003823600036412245
0.00005615100008071749
0.00026862300001084805
0.00004071199964528205
0.00043397099989306298
0.00003846299978249590
0.00043182099989280687
0.00003869800002576085
0.00005485700012286543
0.00043093800013593864
0.00003933600009986549
0.00042703700000856770
0.00003863199981424259
0.00042344600024080137
0.00003697300007843296
0.00005245000011200318
0.00011123800004497753
0.00003902100024788524
0.00005919699970036163
0.00029236999989734613
0.00003893000030075200
0.00005146700004843296
0.00013388100023803418
[100] forward pass time :  0.007074398999975529
Finished Training
