0.00114843999972435995
0.00027283100007480243
0.00199078100013139192
0.00026739699978861609
0.00024485199992341222
0.00169830799995907000
0.00014416600015465519
0.00101763600014237454
0.00014165799984766636
0.00013351100005820626
0.00081155700036106282
0.00008043099978749524
0.00069258100029401248
0.00007873999993535108
0.00069254299978638301
0.00007823800024198135
0.00007986899981915485
0.00046047299974816269
0.00004779400023835478
0.00074339599996164907
0.00004747699995277799
0.00074005400028909207
0.00004689800016421941
0.00005087599993203185
0.00071319499966193689
0.00002295100011906470
0.00070054600018920610
0.00002073999985441333
0.00069666599983975175
0.00002029699999184231
0.00003009800002473639
0.00013535299967770698
0.00002538099988669273
0.00004325500003687921
0.00064963100021486753
0.00002577899977040943
0.00003567900012058089
0.00010898499976974563
[5] forward pass time :  0.015078099999755068
0.00112465400025030249
0.00027356900000086171
0.00199150699972960865
0.00026798099997904501
0.00024429600034636678
0.00167892399986158125
0.00014363899981617578
0.00101237499984563328
0.00014160799992168904
0.00013348800030144048
0.00080506299991611741
0.00007925299996713875
0.00068909900028302218
0.00007975600010468042
0.00069094300033611944
0.00007883299986133352
0.00008093800033748266
0.00045644100009667454
0.00004774000035467907
0.00073646100008772919
0.00004692699985753279
0.00073501500037309597
0.00004707800007963669
0.00005105599984744913
0.00162653200004569953
0.00004837100004806416
0.00071289900006377138
0.00002298900017194683
0.00069826300023123622
0.00002090799989673542
0.00004941200040775584
0.00013673000012204284
0.00002537599993956974
0.00004460499985725619
0.00064512900007684948
0.00002562600002420368
0.00003635000030044466
0.00010942300013994100
[6] forward pass time :  0.01597838799989404
0.00113296300014553708
0.00027191800018044887
0.00200673699964681873
0.00026762900006360724
0.00024473999974361504
0.00169497200022306060
0.00014337399989017285
0.00102266000021700165
0.00014186099997459678
0.00013412199996309937
0.00081992400009767152
0.00008034699976633419
0.00069641699974454241
0.00007881900000938913
0.00069696700029453496
0.00007830000004105386
0.00008052199973462848
0.00046280900005513104
0.00004770700024891994
0.00074218600002495805
0.00004728000021714251
0.00074587800008885097
0.00006121200021880213
0.00005308700019668322
0.00071239699991565431
0.00002350199974898715
0.00070603099993604701
0.00002074999974865932
0.00070351599970308598
0.00002034800036199158
0.00002981200032081688
0.00013555900022765854
0.00002565400018283981
0.00004235899996274384
0.00065296599996145233
0.00002586099981272127
0.00003616300000430783
0.00010915399980149232
[7] forward pass time :  0.01513359099999434
0.00111801299999569892
0.00027247999969404191
0.00202045199966960354
0.00026739500026451424
0.00024465800015605055
0.00168942099980995408
0.00014411900019695167
0.00102022000010038028
0.00014140500024950597
0.00013348799984669313
0.00081869499990716577
0.00007919399968159269
0.00069337700006144587
0.00007930099991426687
0.00069712000004074071
0.00007884799970270251
0.00007949300015752669
0.00046130000009725336
0.00004776400010086945
0.00074475700012044399
0.00004752099994220771
0.00074526099979266291
0.00004694000017479993
0.00005109600033392780
0.00070767800025350880
0.00002368200011915178
0.00070590099994660704
0.00002298900017194683
0.00070399900005213567
0.00002085100004478591
0.00002968700027849991
0.00013555700024880935
0.00002536000010877615
0.00004219200036459370
0.00066221599990967661
0.00002696000001378707
0.00003937000019504922
0.00011075300017182599
[8] forward pass time :  0.01516208800012464
0.00112555000032443786
0.00027283300005365163
0.00202226300007168902
0.00026681999997890671
0.00024299500000779517
0.00170778199981214129
0.00014342000031319913
0.00101692999987790245
0.00014119299976300681
0.00013329399962458410
0.00082949499983442365
0.00007938599992485251
0.00070041100025264313
0.00007863000018915045
0.00070456899993587285
0.00007859400011511752
0.00007925499994598795
0.00046797100003459491
0.00004777699996338924
0.00075200800029051607
0.00004700399995272164
0.00075245200014251168
0.00004683900033342070
0.00005035000003772439
0.00071677200003250618
0.00002208000023529166
0.00071542199975738185
0.00002423499972792342
0.00071394899987353710
0.00002120099998137448
0.00003024400029971730
0.00013603299976239214
0.00002557500010880176
0.00004168700024820282
0.00066412900014256593
0.00002577099985501263
0.00003613099988797330
0.00011000900030921912
[9] forward pass time :  0.01520648199993957
0.00113644900011422578
0.00027243099975748919
0.00199923200034390902
0.00026872499984165188
0.00024404699979641009
0.00169072300013795029
0.00014286700024968013
0.00101796599983572378
0.00014188000022841152
0.00013348499987841933
0.00082353600009810179
0.00009515400006421260
0.00070010199988246313
0.00007928399963930133
0.00069942400023137452
0.00007817699997758609
0.00007868400007282617
0.00046505900036208914
0.00004839000030187890
0.00075029599975096062
0.00004729800002678530
0.00074823499971898855
0.00004758299974128022
0.00005160699993211892
0.00070949699966149637
0.00002125800028807134
0.00070187100027396809
0.00002036400019278517
0.00069823200010432629
0.00002310399986527045
0.00003195699991920264
0.00013441000010061543
0.00002463000009811367
0.00004129099988858798
0.00064731100019344012
0.00002484000015101628
0.00003558900016287225
0.00010777600027722656
[10] forward pass time :  0.01511641899969618
0.00112480200004938524
0.00027129299996886402
0.00201128799972138950
0.00026739800023278804
0.00024459299993395689
0.00171182799977032118
0.00014298899986897595
0.00101711400020576548
0.00014261099977375125
0.00013338700000531389
0.00083151699982408900
0.00007998999990377342
0.00070348200006264960
0.00007867200019973097
0.00070050400017862557
0.00007892299981904216
0.00008010900000954280
0.00046820600027785986
0.00004821699985768646
0.00075583200032269815
0.00004750800007968792
0.00074486699986664462
0.00004869999975198880
0.00005201800013310276
0.00070648700011588517
0.00002186900019296445
0.00070240099967122660
0.00002170100015064236
0.00070337800025299657
0.00002164299985452089
0.00003100499998254236
0.00013710899975194479
0.00002602099993964657
0.00004179999996267725
0.00065290099973935867
0.00002575300004536984
0.00003699199987750035
0.00010877500017159036
[11] forward pass time :  0.01515958900017722
0.00111943299998529255
0.00027181599989489769
0.00200024199966719607
0.00026781799988384591
0.00024307899957420886
0.00169319199994788505
0.00014423899983739830
0.00101960300025893957
0.00014183399980538525
0.00013372900002650567
0.00081666999994922662
0.00007940400018924265
0.00069482699973377748
0.00007837800012566731
0.00069630600000891718
0.00007936599968161318
0.00007989499999894178
0.00046352099980140338
0.00004764999994222308
0.00074346200017316733
0.00004674299998441711
0.00074549400005707867
0.00004678599998442223
0.00005104199999550474
0.00070496399985131575
0.00002143500023521483
0.00070228399999905378
0.00002109099978042650
0.00069988699988243752
0.00002177300029870821
0.00002924499995060614
0.00013391399988904595
0.00002530899973862688
0.00004136500001550303
0.00064742299991848995
0.00002504400026737130
0.00003648299980341108
0.00010797999993883423
[12] forward pass time :  0.01505829799998537
0.00113132399974347209
0.00027228899989495403
0.00200499899983697105
0.00026735100027508452
0.00024365900026168674
0.00169807999964177725
0.00014294299990069703
0.00101624700027969084
0.00014140699977360782
0.00013374399986787466
0.00082293399964328273
0.00007919100016806624
0.00069700800031569088
0.00007832599976609345
0.00070006400028432836
0.00008006200005183928
0.00008078500013652956
0.00046820499983368791
0.00004736300024887896
0.00074889200004690792
0.00004705400033344631
0.00074944000016330392
0.00004682100006903056
0.00005142200006957864
0.00071028499996828032
0.00002145300004485762
0.00070739700004196493
0.00002152899969587452
0.00070614000014757039
0.00002045299970632186
0.00002950899988718447
0.00013610699988930719
0.00002566700004535960
0.00004189799983578268
0.00065835399982461240
0.00002538099988669273
0.00003589099969758536
0.00010904000009759329
[13] forward pass time :  0.015133522999803972
0.00112833000002865447
0.00027244900002187933
0.00200677300017559901
0.00026757700015878072
0.00024298599964822643
0.00168886400024348404
0.00014334699972096132
0.00101877600036459626
0.00014121200001682155
0.00013350599965633592
0.00081730300007620826
0.00007920000007288763
0.00069250500018824823
0.00007931800018923241
0.00069800000028408249
0.00007833800009393599
0.00008037199995669653
0.00046286899987535435
0.00004743399995277287
0.00074461400026848423
0.00004697499980466091
0.00074440199978198507
0.00004685100020651589
0.00005123700020703836
0.00070350000032703974
0.00002173999973820173
0.00071073200024329708
0.00002213300012954278
0.00070497199976671254
0.00002067800005534082
0.00003004500013048528
0.00013485899989973404
0.00002566300008766120
0.00004219799984639394
0.00065297599985569832
0.00002537999989726814
0.00003656299986687372
0.00010952399998132023
[14] forward pass time :  0.015090020000116056
0.00112631299998611212
0.00027233800028625410
0.00201158600020789891
0.00026806400001078146
0.00024330599990207702
0.00170550100028776797
0.00014407399976335000
0.00101645900031144265
0.00014172800001688302
0.00013381000007939292
0.00081791799993879977
0.00007958899959703558
0.00069510400044237031
0.00008057900004132534
0.00070031999985076254
0.00007872700007283129
0.00007998399996722583
0.00046240300025601755
0.00004747799994220259
0.00074383699984537088
0.00004719600019598147
0.00074320800013083499
0.00004672800014304812
0.00005158800013305154
0.00070576699999946868
0.00002397700018264004
0.00070784999979878194
0.00002167399998143082
0.00070266600005197688
0.00002071599965347559
0.00002979499959110399
0.00013531100012187380
0.00002520299995012465
0.00004212499970890349
0.00065287000006719609
0.00002561999963290873
0.00003590599999370170
0.00010862999988603406
[15] forward pass time :  0.015113266999833286
0.00112593799985916121
0.00027135699974678573
0.00201470100000733510
0.00026749399967229692
0.00024289299972224399
0.00169561300026543904
0.00014323899995360989
0.00102264300039678346
0.00014098700012254994
0.00013327799979379051
0.00082927799985554884
0.00145156899998255540
0.00072697199993854156
0.00008223199984058738
0.00069950300030541257
0.00007893600013630930
0.00008111500028462615
0.00046227200027715298
0.00004786699992109789
0.00074686599964479683
0.00004894599987892434
0.00074574099971869146
0.00004811799999515642
0.00005313599967848859
0.00070731000005253009
0.00002194299986513215
0.00070349599991459399
0.00002097900005537667
0.00070265900012600468
0.00002082899982269737
0.00003029899971807026
0.00013900299973101937
0.00002536800002417294
0.00004262899983586976
0.00065614499999355758
0.00002658299990798696
0.00003722100018421770
0.00011356499999237712
[16] forward pass time :  0.016553666000163503
0.00112315800015494460
0.00027153700011695037
0.00200546299993220600
0.00026804000026459107
0.00024343099994439399
0.00171509199981301208
0.00014213599979484570
0.00102572800005873432
0.00014170700023896643
0.00013305299989951891
0.00083369900039542699
0.00007930500032671262
0.00070244800008367747
0.00007878599990363000
0.00070098000014695572
0.00007829700007278007
0.00007908299994596746
0.00046884800030966289
0.00005016000022806111
0.00075933400012218044
0.00004749499976242078
0.00075714099966717185
0.00004701499983639224
0.00005176600006961962
0.00071650399968348211
0.00002240899993921630
0.00071401700006390456
0.00002045800010819221
0.00070282699971357943
0.00002185999983339570
0.00003009400006703800
0.00013840700012224261
0.00002658099992913776
0.00004158000001552864
0.00065464199997222750
0.00002611499985505361
0.00003671900003610062
0.00010942499966404284
[17] forward pass time :  0.015232834000016737
0.00112569799966877326
0.00027277299977868097
0.00201344900006006355
0.00026734099992609117
0.00024303600002895109
0.00171869800033164211
0.00014358499993250007
0.00102074300002641394
0.00014168400002745329
0.00013429499995254446
0.00083038699995086063
0.00007930399988254067
0.00070234499980870169
0.00007878899987190380
0.00070064000010461314
0.00008067700036917813
0.00008135200005199295
0.00047020800002428587
0.00004866500012212782
0.00075737599991043680
0.00004738999996334314
0.00075336400004744064
0.00004719100024885847
0.00005116299962537596
0.00071700899979987298
0.00002177900023525581
0.00071273599996857229
0.00002391600037299213
0.00071458000002166955
0.00002118700012943009
0.00003068400019401452
0.00013668900010088691
0.00002564400028859382
0.00004175899994152132
0.00066460700008974527
0.00002551399984440650
0.00003605200026868260
0.00011095499985458446
[18] forward pass time :  0.015231024000058824
0.00112544500007061288
0.00027250100038145320
0.00199416900022697519
0.00026769299984152894
0.00024298500011354918
0.00168836900002133916
0.00014485500014416175
0.00102032699987830711
0.00014206300011210260
0.00013354700013223919
0.00081751099969551433
0.00007938999988255091
0.00069478099976549856
0.00007948500024212990
0.00069742300001962576
0.00007823200030543376
0.00008059599986154353
0.00046320000001287553
0.00004765700032294262
0.00074420399960217765
0.00004730299997390830
0.00074383499986652168
0.00004685100020651589
0.00005180900006962474
0.00070667099998900085
0.00002180499996029539
0.00070360900008381577
0.00002181899981223978
0.00070440699983009836
0.00002055100003417465
0.00003008399971804465
0.00013502999991032993
0.00002565699969636626
0.00004137899986744742
0.00065292999988741940
0.00002514000016162754
0.00003595299995140522
0.00010945700023512472
[19] forward pass time :  0.015076903000135644
0.00112826600025073276
0.00027235000015934929
0.00201434700011304813
0.00026720300002125441
0.00024345600013475632
0.00171237500035203993
0.00014338499977384345
0.00101401199981410173
0.00014149199978419347
0.00013330999991012504
0.00081805699983306113
0.00008032000005187001
0.00069875200006208615
0.00008085600029517082
0.00069783499975528684
0.00007923600014692056
0.00008023300006243517
0.00046341699999175034
0.00004777200001626625
0.00074472699998295866
0.00004726799988929997
0.00074268399976062938
0.00004690399964601966
0.00005070799988970975
0.00070529000004171394
0.00002295700005561230
0.00070446699965032167
0.00002082400033032172
0.00070260800021060277
0.00002028600010817172
0.00002935899965450517
0.00013521199980459642
0.00002541200001360266
0.00004203600019536680
0.00065337400019416236
0.00002557500010880176
0.00003588999970816076
0.00010827899996002088
[20] forward pass time :  0.015118203999918478
0.00113095799997608992
0.00027144300020154333
0.00201301700008116313
0.00026736499967228156
0.00024372100006075925
0.00170798999988619471
0.00014287400017565233
0.00102032799986773171
0.00014135300034467946
0.00013348099992072093
0.00083136700004615705
0.00008142599972416065
0.00070519499968213495
0.00007932600010462920
0.00070219100007307134
0.00007829399964975892
0.00007940000023154425
0.00046268799997051246
0.00004798300005859346
0.00074481000001469511
0.00004708000005848589
0.00074257100004615495
0.00005041199983679689
0.00005270200017548632
0.00071055599983083084
0.00002276099985465407
0.00070636999998896499
0.00002147900022464455
0.00071133200026451959
0.00002054600008705165
0.00002996700004587183
0.00013550699986808468
0.00002523700004530838
0.00004207399979350157
0.00065416600000389735
0.00002541300000302726
0.00003650700000434881
0.00010921500006588758
[21] forward pass time :  0.015169092000178352
0.00113137800008189515
0.00027159600040249643
0.00200190300029134960
0.00027098800001112977
0.00024367500009248033
0.00170842199986509513
0.00014386400016519474
0.00101783999980398221
0.00014185500003804918
0.00013347599997359794
0.00082628299969655927
0.00008011600039026234
0.00070081200010463363
0.00007943999980852823
0.00071065900010580663
0.00007833700010451139
0.00008035399969230639
0.00046772299992881017
0.00004805099979421357
0.00074674300003607641
0.00004691100002673920
0.00074790799999391311
0.00004816699993170914
0.00005177399998501642
0.00071548999994774931
0.00002162200007660431
0.00070821000008436386
0.00002114299968525302
0.00070816500010550953
0.00002061100030914531
0.00002955900026790914
0.00013514700003725011
0.00002542599986554706
0.00004173899969828199
0.00065810599971882766
0.00002541999992899946
0.00003602500009947107
0.00012318200015215552
[22] forward pass time :  0.015181546999883722
0.00112786199997572112
0.00027172599993718904
0.00201401699996495154
0.00026899299973592861
0.00024488000008204835
0.00170597799979077536
0.00014274699969973881
0.00102342800028054626
0.00014395800008060178
0.00013507400035450701
0.00082655500000328175
0.00007994900033736485
0.00069935700003043166
0.00007847500000934815
0.00069799400034753489
0.00007811500017851358
0.00007953500016810722
0.00046586600001319312
0.00004770099985762499
0.00074901100015267730
0.00004899699979432626
0.00075242299999445095
0.00004769199995280360
0.00005208500033404562
0.00071044100013750722
0.00002246399981231662
0.00070948500024314853
0.00002069399988613441
0.00070835399992574821
0.00002127400011886493
0.00003012699971804977
0.00013688400031242054
0.00002560200027801329
0.00004170700003669481
0.00065725900003599236
0.00002671899983397452
0.00003752600014195195
0.00011270100003457628
[23] forward pass time :  0.015178626999841072
0.00111974299989014980
0.00027183099973626668
0.00199912700009008404
0.00026845200000025216
0.00024372500001845765
0.00169626900014918647
0.00014284200005931780
0.00101721500004714471
0.00014240000018617138
0.00013361299988901010
0.00081772399971669074
0.00007875800019974122
0.00069577800013576052
0.00007839799991415930
0.00069584899983965443
0.00007846600010452676
0.00007973200035849004
0.00046172500015018159
0.00004987400006939424
0.00074669699961305014
0.00004719800017483067
0.00074382200000400189
0.00004738699999506935
0.00005152999983693007
0.00070712600017941440
0.00002133700036210939
0.00070133500003066729
0.00002072799998131813
0.00070042199968156638
0.00002203100029873895
0.00003042100024686079
0.00013586800014309119
0.00002551599982325570
0.00004117399976166780
0.00065276099985567271
0.00002596000012999866
0.00003527799981384305
0.00010927900029855664
[24] forward pass time :  0.01507298400019863
0.00112330699994345196
0.00027183900010641082
0.00201549600024009123
0.00026790899983097916
0.00024286799998662900
0.00170466700001270510
0.00014297799998530536
0.00102335700012190500
0.00014163499963615322
0.00013353400026971940
0.00081838599999173312
0.00007910600015748059
0.00069514300002992968
0.00007897800014688983
0.00069703300005130586
0.00007918800019979244
0.00008088699996733340
0.00046271199971670285
0.00004711099973064847
0.00074569799971868633
0.00004695300003731973
0.00074371499977132771
0.00004844400018555461
0.00005100499993204721
0.00070636999998896499
0.00002228700031992048
0.00070182399986151722
0.00002094699993904214
0.00070357399999920744
0.00002375399981247028
0.00003078400004596915
0.00013577899972005980
0.00002513599974918179
0.00004076100003658212
0.00065238500019404455
0.00002526699972804636
0.00003572500008885982
0.00010994700005539926
[25] forward pass time :  0.015111452999917674
0.00112616800015530316
0.00027187200021216995
0.00201965299993389635
0.00026695899987316807
0.00024344799976461218
0.00171272900024632690
0.00016173499989236007
0.00106148099985148292
0.00014356100018630968
0.00014134000002741232
0.00084569999989980715
0.00008071199999903911
0.00070266700004140148
0.00007923900011519436
0.00070729800017943489
0.00007907400004114606
0.00008741700003156438
0.00047241400034181424
0.00004797100018549827
0.00075338600026952918
0.00004711100018539582
0.00074891399981424911
0.00004683499992097495
0.00005168999996385537
0.00070706400038034189
0.00002179800003432319
0.00070315099992512842
0.00002910600005634478
0.00071230899993679486
0.00002246599979116581
0.00005661500017595245
0.00013922200014349073
0.00002618100006657187
0.00004174800005785073
0.00065425499997218139
0.00002574000018285005
0.00003607200005717459
0.00011127400011901045
[26] forward pass time :  0.015356168999915099
0.00113003099977504462
0.00027176300000064657
0.00200755699961518985
0.00026710199972512783
0.00024308499996550381
0.00169532500012792298
0.00014366000004883972
0.00101957499964555609
0.00014141499968900462
0.00013341699968805187
0.00082471999985500588
0.00007936799966046237
0.00069894899979772163
0.00008033800031626015
0.00070097400021040812
0.00007879300028434955
0.00008034899974518339
0.00046531199996024952
0.00004775000024892506
0.00075018699999418459
0.00004685299973061774
0.00074745100027939770
0.00004700599993157084
0.00005137400012245052
0.00071250100018005469
0.00002295699960086495
0.00070990899985190481
0.00002048899978035479
0.00070691800010536099
0.00002028500011874712
0.00003021199972863542
0.00013625600013256189
0.00002510500007701921
0.00004118800006835954
0.00065294499972878839
0.00002508899979147827
0.00003575300024749595
0.00010962099986500107
[27] forward pass time :  0.015137864000280388
0.00112906999993356294
0.00027168699989488232
0.00200961899963658652
0.00026771200009534368
0.00024377599993385957
0.00169363899976815446
0.00014243300029193051
0.00101966800002628588
0.00014187400029186392
0.00013289600019561476
0.00082371300004524528
0.00008042499985094764
0.00069790199995622970
0.00007828900015738327
0.00069733400005134172
0.00007818399990355829
0.00007970400019985391
0.00046558000030927360
0.00004790299999513081
0.00074998199988840497
0.00004700099998444784
0.00075068499972985592
0.00004877900028077420
0.00005230900023889262
0.00071385899991582846
0.00002126300023519434
0.00070811499972478487
0.00002071400012937374
0.00070644299967170809
0.00002019900011873688
0.00002948100018329569
0.00013552000018535182
0.00002549300006648991
0.00004134499977226369
0.00065799200001492864
0.00002536700003474834
0.00003607799999372219
0.00010872500024561305
[28] forward pass time :  0.015136432999952376
0.00112283099997512181
0.00027140300016981200
0.00200451099999554572
0.00026880199993684073
0.00024389999998675194
0.00169062899976779590
0.00014319100000648177
0.00101851500039629173
0.00014134999992165831
0.00013408599988906644
0.00082040999996024766
0.00007963999996718485
0.00069383299978653667
0.00007890099959695362
0.00069388699967021239
0.00007878399992478080
0.00008018500011530705
0.00046342300038304529
0.00004767200016431161
0.00074355100014145137
0.00004736499977298081
0.00074626700006774627
0.00004813600025954656
0.00005149299977347255
0.00070547199993598042
0.00002119900000252528
0.00070397299987234874
0.00002132700001311605
0.00070464600003106170
0.00002088700011881883
0.00002941699995062663
0.00013596500002677203
0.00002637700026753009
0.00004111899988856749
0.00065273900008833152
0.00002565300019341521
0.00003669199986688909
0.00010993400019287947
[29] forward pass time :  0.015082567999797902
0.00113008800008174148
0.00027173700027560699
0.00200973000028170645
0.00026813500016942271
0.00024321599994436838
0.00170236200028739404
0.00014319299998533097
0.00102574099992125412
0.00014313700012280606
0.00013428700003714766
0.00082239399989703088
0.00007918300025266944
0.00069586700010404456
0.00007867699969210662
0.00069717299993499182
0.00007874400034779683
0.00008056700016823015
0.00046582499999203719
0.00004864599986831308
0.00074839799981418764
0.00004814400017494336
0.00074583900004654424
0.00004700999988926924
0.00005180099969948060
0.00070691199971406604
0.00002152400020349887
0.00070332199993572431
0.00002063599959001294
0.00070414799984064302
0.00002046000008704141
0.00002988000005643698
0.00013581999974121572
0.00002562400004535448
0.00004185500029052491
0.00065315399979226640
0.00002611799982332741
0.00003686200034280773
0.00011046400004488532
[30] forward pass time :  0.015132322999761527
0.00112837400001808419
0.00027118299976791604
0.00201427599995440687
0.00026833499987333198
0.00024308499996550381
0.00170719299967458937
0.00014307399987956160
0.00101870500020595500
0.00014204399985828786
0.00013368299960347940
0.00083191299972895649
0.00007917699986137450
0.00070075799976621056
0.00007844299989301362
0.00070166000023164088
0.00007817499999873689
0.00007954400007292861
0.00046952799993960070
0.00004738400002679555
0.00075545099980445229
0.00004886499982603709
0.00075601100024869083
0.00004693399978350499
0.00005142000009072945
0.00070524199963983847
0.00002143699975931668
0.00070173700032682973
0.00002051599994956632
0.00070272599987220019
0.00002157300014005159
0.00003060500011997647
0.00013624399980471935
0.00002618300004542107
0.00004219099992042175
0.00065559800032133353
0.00002723800025705714
0.00004774800027007586
0.00011047599991798052
[31] forward pass time :  0.015181236999978864
0.00112390000003870227
0.00027108499989481061
0.00200741899971035309
0.00026838200028578285
0.00024340299978575786
0.00171294199981275597
0.00014251999982661800
0.00101992900044933776
0.00014157899977362831
0.00013366600023800856
0.00083069200036334223
0.00007957100024214014
0.00070093600015752600
0.00007890400001997477
0.00069939600007273839
0.00007894500004113070
0.00007979700012583635
0.00046753200012972229
0.00004827800012208172
0.00075394399982542382
0.00004715900013252394
0.00075341799993111636
0.00004689600018537021
0.00005145799968886422
0.00071632000026511378
0.00002214300002378877
0.00071450399991590530
0.00002044900020337082
0.00071076500034905621
0.00002350299973841175
0.00003075399990848382
0.00013648499998453190
0.00002567800038377754
0.00004119400000490714
0.00066370300010021310
0.00002609000011943863
0.00003577999996196013
0.00011021799991794978
[32] forward pass time :  0.015192447999652359
0.00113355999974373844
0.00027147899982082890
0.00201054299986935803
0.00026849699997910648
0.00024378799980695476
0.00169733199982147198
0.00014199499992173514
0.00101674899997306056
0.00014203299997461727
0.00013388499974098522
0.00082435500007704832
0.00007918600022094324
0.00069787400025234092
0.00007837199973437237
0.00069936499994582846
0.00007865599991419003
0.00007944300023154938
0.00046419699992839014
0.00004844600016440381
0.00075350799988882500
0.00004771999965669238
0.00075024999978268170
0.00004683799988924875
0.00005126299993207795
0.00070982000033836812
0.00002141300001312629
0.00070743199967182591
0.00002061699979094556
0.00070709300007365528
0.00002028900007644552
0.00002951199985545827
0.00013652200004798942
0.00002707499970711069
0.00004150499989918899
0.00066075299992007785
0.00002607800024634344
0.00003659000003608526
0.00010899500011873897
[33] forward pass time :  0.015147205000175745
0.00113178399988100864
0.00027142999988427619
0.00201388000004953938
0.00026837799987333710
0.00024374000031457399
0.00170249999973748345
0.00014312599978438811
0.00101979000010032905
0.00014257500015446567
0.00013421499988908181
0.00082429600024624960
0.00007942599995658384
0.00069669499998781248
0.00007853799979784526
0.00069801200015717768
0.00007955399996717460
0.00007952299984026467
0.00046586999997089151
0.00004770699979417259
0.00074854900003629155
0.00004845700004807441
0.00074704200005726307
0.00004738600000564475
0.00005161600029168767
0.00071356400030708755
0.00002145700000255601
0.00070706499991501914
0.00002107299997078371
0.00070788499988339026
0.00002001799975914764
0.00002900800018323935
0.00013655900011144695
0.00002569500020399573
0.00004117600019526435
0.00065772399966590456
0.00002672900018296787
0.00003692600012072944
0.00011108500029877177
[34] forward pass time :  0.015156083999954717
0.00112928399994416395
0.00027211899987378274
0.00199489399983576732
0.00026716000002124929
0.00024388600013480755
0.00168532099996809848
0.00014475900024990551
0.00101940900003683055
0.00014150200013318681
0.00013356700037547853
0.00081684299993867171
0.00007947600033730851
0.00069257799987099133
0.00007884099977673031
0.00069938099977662205
0.00007868200009397697
0.00008009700013644760
0.00046517700002368656
0.00004740999975183513
0.00074344999984532478
0.00004723899974123924
0.00074522100021567894
0.00004712099962489447
0.00005691800015483750
0.00071270799980993615
0.00002339699994990951
0.00070500599986189627
0.00002208300020356546
0.00070688599998902646
0.00002062099974864395
0.00003042199978153803
0.00013514800002667471
0.00002538599983381573
0.00004128299997319118
0.00065285600021525170
0.00002535900011935155
0.00003633599999375292
0.00010972999962177710
[35] forward pass time :  0.015121784999791998
0.00121411800000714720
0.00031252899998435169
0.00202620500022021588
0.00026986700004272279
0.00031869099984760396
0.00169611299997995957
0.00014505199987979722
0.00101994599981480860
0.00014307699984783540
0.00013509200016414979
0.00082420299986551981
0.00008145599986164598
0.00069674999986091279
0.00007922199984022882
0.00070116699998834520
0.00007855800004108460
0.00008116400022117887
0.00046298999995997292
0.00004941599991070689
0.00074438299998291768
0.00004695400002674432
0.00074569799971868633
0.00004835800018554437
0.00005347599972083117
0.00070654799992553308
0.00002157500011890079
0.00070617600022160332
0.00002084600009766291
0.00070193900000958820
0.00002052499985438772
0.00003121200006717118
0.00018240999997942708
0.00002764100008789683
0.00010276300008627004
0.00065797199977168930
0.00002602699987619417
0.00003860199967675726
0.00010940299989670166
[36] forward pass time :  0.01563297100028649
0.00113527800021984149
0.00027156800024386030
0.00201342499985912582
0.00026842899978873902
0.00024435200020889170
0.00170222600036140648
0.00014268699987951550
0.00102142499963520095
0.00014171199973134208
0.00013461300022754585
0.00083401799975035829
0.00007994700035851565
0.00070149100019989419
0.00007837799967091996
0.00069744099982926855
0.00007875299979787087
0.00007986799982973025
0.00046357399969565449
0.00004768999997395440
0.00074764700002560858
0.00004953500001647626
0.00074844800019491231
0.00004745799969896325
0.00005319299998518545
0.00070747300014772918
0.00002185900029871846
0.00070175700011532172
0.00002068599997073761
0.00070323599993571406
0.00002067499963231967
0.00002892199972848175
0.00013524499991035555
0.00002587800008768681
0.00004210599990983610
0.00065286500012007309
0.00002640899992911727
0.00003703499987750547
0.00011000400036209612
[37] forward pass time :  0.01515496499996516
0.00113911600010396796
0.00027163999993717880
0.00201771199999711826
0.00026779299969348358
0.00024338799994438887
0.00170565000007627532
0.00014325800020742463
0.00101966500005801208
0.00014125200004855287
0.00013418499975159648
0.00083114800008843304
0.00007903899995653774
0.00070110599972394994
0.00007856800039007794
0.00070188000017878949
0.00007945700008349377
0.00007993200006239931
0.00047341799972855370
0.00004771500016431673
0.00075533699964580592
0.00004704100001617917
0.00075373599975137040
0.00004689300021709641
0.00005216099998506252
0.00070701899994674022
0.00002192500005548936
0.00070204500025283778
0.00002094199999191915
0.00070287300013660570
0.00002416799998172792
0.00003180700014127069
0.00013729400006923242
0.00002638000023580389
0.00004255900012140046
0.00065536600004634238
0.00002581999979156535
0.00004661599996325094
0.00010875399993892643
[38] forward pass time :  0.015203426999960357
0.00113024499978564563
0.00027160699983141967
0.00201363299993317924
0.00026877799973590299
0.00024382499987041228
0.00170578699999168748
0.00014260399984777905
0.00102516100014327094
0.00014219600006981636
0.00013407999995251885
0.00083088400015185471
0.00007942199999888544
0.00070107800002006115
0.00007860300001993892
0.00070425500007331721
0.00007864500003051944
0.00007943199989313143
0.00047015200016176095
0.00004849900005865493
0.00075647899984687683
0.00004753099983645370
0.00075371399998402921
0.00004766499978359207
0.00005131099987920607
0.00071785399995860644
0.00002127299967469298
0.00071135400003186078
0.00002082899982269737
0.00070581499994659680
0.00002376799966441467
0.00003089099982389598
0.00013589300033345353
0.00002551000034145545
0.00004099000034329947
0.00065420400005677948
0.00002521399983379524
0.00003659999993033125
0.00010943799998130999
[39] forward pass time :  0.015200746999653347
0.00115582499984157039
0.00027312499969411874
0.00200557300013315398
0.00027057799979957053
0.00024501799998688512
0.00171195700022508390
0.00014369900009114644
0.00101693999977214844
0.00014160799992168904
0.00013804800028083264
0.00082655000005615875
0.00008065099973464385
0.00070015699975556345
0.00007896900024206843
0.00070014699986131745
0.00007928900004117168
0.00008134900008371915
0.00046711999993931386
0.00004782499991051736
0.00074927299965565908
0.00004705099991042516
0.00074759700009963126
0.00004840100018554949
0.00005266800008030259
0.00071429399986300268
0.00002173900020352448
0.00070795800002088072
0.00002058799964288482
0.00070986199989420129
0.00002068799994958681
0.00002939499972853810
0.00013703600006920169
0.00002543299979151925
0.00004153400004724972
0.00065868299998328439
0.00002540500008763047
0.00003566600025806110
0.00011956399976043031
[40] forward pass time :  0.015213902000141388
0.00113037699975393480
0.00027224399991609971
0.00200544900008026161
0.00026821900019058376
0.00024378999978580396
0.00169456499997977517
0.00014236800006983685
0.00101707299972986220
0.00014324599987958209
0.00013401299975157599
0.00082516299971757689
0.00007896300030552084
0.00069856199979767553
0.00007860799996706191
0.00070024199976614909
0.00007806500025253627
0.00007990299991433858
0.00046499799964294652
0.00004786799991052249
0.00075063099984618020
0.00004848299977311399
0.00075127799982510624
0.00004771200019604294
0.00005265200024950900
0.00071262799974647351
0.00002152799970644992
0.00071048199970391579
0.00002081100001305458
0.00070698299987270730
0.00002087799975925009
0.00002947399980257615
0.00013601399996332475
0.00002572199991845991
0.00004097600003660773
0.00065885399999388028
0.00002639000013004988
0.00003695600025821477
0.00011075099973822944
[41] forward pass time :  0.015150414000345336
0.00113724099992396077
0.00027169399982085451
0.00200097000015375670
0.00026856500016947393
0.00024379099977522856
0.00168324000014763442
0.00014327700000649202
0.00103186199976335047
0.00014306200000646641
0.00013492400012182770
0.00081989599993903539
0.00007950200006234809
0.00069689900010416750
0.00007891400036896812
0.00069514000006165588
0.00007899899992480641
0.00008014799959710217
0.00046340999961103080
0.00004961600006936351
0.00074729700008902000
0.00004743799991047126
0.00074555899982442497
0.00004724799964606063
0.00005175099977350328
0.00070785800016892608
0.00002102899998135399
0.00070354400031646946
0.00002049399972747779
0.00070400799995695706
0.00002174300016122288
0.00002980799990837113
0.00013486299985743244
0.00002529199991840869
0.00004195200017420575
0.00065289200028928462
0.00002526900016164291
0.00003533300014169072
0.00010805700003402308
[42] forward pass time :  0.01510710900038248
0.00112824999996519182
0.00027170900011697086
0.00202080200006093946
0.00026804299977811752
0.00024305199985974468
0.00171855200005666120
0.00014333299986901693
0.00102453199997398769
0.00014113299994278350
0.00013365200038606417
0.00082541299980221083
0.00007991199981915997
0.00069594900014635641
0.00007850500014683348
0.00069622499995602993
0.00007938699991427711
0.00008061200014708447
0.00046674300028826110
0.00004830999978366890
0.00074597000002540881
0.00004709899985755328
0.00074577599980329978
0.00004699500004790025
0.00005138400001669652
0.00070596800014754990
0.00002118800011885469
0.00070233599990388029
0.00002046099962171866
0.00070092199985083425
0.00002330100005565328
0.00003037999977095751
0.00013598600025943597
0.00002495699982318911
0.00004144300010011648
0.00065196800005651312
0.00002557300012995256
0.00003603300001486787
0.00010861100008696667
[43] forward pass time :  0.015145606000260159
0.00112789399963730830
0.00027205700007471023
0.00201198400009161560
0.00026721699987319880
0.00024294900003951625
0.00170026900013908744
0.00014420599973163917
0.00101897400008965633
0.00014174099987940281
0.00013364999995246762
0.00083103399992978666
0.00007916599997770390
0.00070044499989307951
0.00007890100005170098
0.00070279300007314305
0.00007943499986140523
0.00008000400021046516
0.00046972500012998353
0.00004755899999508983
0.00076217400010136771
0.00004932299998472445
0.00075555600005827728
0.00004781400002684677
0.00005196299980525509
0.00070809900034873863
0.00002162800001315190
0.00070044199992480571
0.00002174200017179828
0.00070310799992512329
0.00002192600004491396
0.00003188199980286299
0.00013757799979430274
0.00002644799997142400
0.00004164500023762230
0.00065460800033179112
0.00002589599989732960
0.00003729800027940655
0.00011893400005646981
[44] forward pass time :  0.015221652000036556
0.00113764000025184941
0.00027239899964115466
0.00201812899967990234
0.00026746100002128514
0.00024369700031456887
0.00171855100006723660
0.00014306100001704181
0.00102328799994211295
0.00014181200003804406
0.00013343699993129121
0.00083034399995085550
0.00007885500008342206
0.00070171900006243959
0.00008014500008357572
0.00070535799977733404
0.00007869899991419516
0.00007988900006239419
0.00046982500043668551
0.00004711399969892227
0.00075389999983599409
0.00004683800034399610
0.00075394099985715002
0.00004706299978352035
0.00005094400012239930
0.00071753399970475584
0.00002272499978062115
0.00071410000009564101
0.00002116499990734155
0.00070983300020088791
0.00002038499997070176
0.00002973200025735423
0.00013688800027011894
0.00002542799984439625
0.00004220399978294154
0.00066420700022717938
0.00002568299987615319
0.00003500900038488908
0.00011095299987573526
[45] forward pass time :  0.015235796000069968
0.00112229199976354721
0.00027111500003229594
0.00201624000010269810
0.00026710399970397702
0.00024351000001843204
0.00170548100004452863
0.00014338299979499425
0.00101718800033268053
0.00014200399982655654
0.00013319699974090327
0.00082417600015105563
0.00008034600023165694
0.00070019199984017177
0.00007846199969208101
0.00069810600007258472
0.00007885900004112045
0.00007960899984027492
0.00046721699982299469
0.00004716200010079774
0.00075014999993072706
0.00004775199977302691
0.00075218000029053655
0.00004695999996329192
0.00005127199983689934
0.00071151199972518953
0.00002460000041537569
0.00071068299985199701
0.00002080799959003343
0.00070945300012681400
0.00002191400017181877
0.00004042699993078713
0.00013547399976232555
0.00002545899997130618
0.00004108400025870651
0.00065685700019457727
0.00002474900020388304
0.00003566399982446455
0.00010875499992835103
[46] forward pass time :  0.015166726999723323
0.00112083200019696960
0.00027116599994769786
0.00201176400014446699
0.00026795100029630703
0.00024424200000794372
0.00169254299999010982
0.00014307800029200735
0.00101948800011086860
0.00014222200024960330
0.00013455299995257519
0.00081958000009763055
0.00007983400018929387
0.00069608900003004237
0.00007852099997762707
0.00069656100004067412
0.00007838600004106411
0.00007932800008347840
0.00046224700008679065
0.00004798400004801806
0.00074736999977176310
0.00004722499988929485
0.00074592799956008093
0.00004849799961448298
0.00005165299990039784
0.00070496500029548770
0.00002166400008718483
0.00070319999986168114
0.00002073699988613953
0.00070297999991453253
0.00002028600010817172
0.00002969199977087555
0.00013534400022763293
0.00002512199989723740
0.00004103799983568024
0.00065148599969688803
0.00002589500036265235
0.00003628700005720020
0.00010970399989673751
[47] forward pass time :  0.015091627999936463
0.00112616199976400821
0.00027122700021209312
0.00202392200026224600
0.00026824799988389714
0.00024295399998663925
0.00170923799987576785
0.00014265899972087936
0.00102291800021703239
0.00014168899997457629
0.00013523300003726035
0.00083593099998324760
0.00007972100002007210
0.00070063700013633934
0.00007813100000930717
0.00069308299998738221
0.00007820800010449602
0.00007953200019983342
0.00046294300000226940
0.00004747100001623039
0.00074596700005713501
0.00004887400018560584
0.00074817799986703903
0.00004783999975188635
0.00005253800009086262
0.00070599099990431569
0.00002131300016117166
0.00070005699990360881
0.00002082800028802012
0.00070245699998849886
0.00002043799986495287
0.00002957100014100433
0.00013555099985751440
0.00002602800032036612
0.00004190399977233028
0.00065305199996146257
0.00002597699995021685
0.00003680500003611087
0.00011007200009771623
[48] forward pass time :  0.015146847999858437
0.00112484700002823956
0.00027108799986308441
0.00201024500029234332
0.00026776200002132100
0.00024383500021940563
0.00169816500010711025
0.00014256499980547233
0.00102228200012177695
0.00014207399999577319
0.00013311400016391417
0.00083141000004616217
0.00007909399982963805
0.00070178700025280705
0.00007894999998825369
0.00070148699978744844
0.00007831199991414906
0.00007934999985081959
0.00046892899990780279
0.00004773499995280872
0.00075282100033291499
0.00004862700006924570
0.00076220700020712684
0.00004726199995275238
0.00005173099998501129
0.00071711099963067682
0.00002223599994977121
0.00071079400004236959
0.00002145899998140521
0.00070789500023238361
0.00002048099986495799
0.00002912599984483677
0.00013575899993156781
0.00002582999968581134
0.00004105500011064578
0.00065853699970830348
0.00002647400015121093
0.00003775599998334656
0.00012781700024788734
[49] forward pass time :  0.015203131999896868
0.00112935800007107900
0.00027163900040250155
0.00201115700019727228
0.00026889499986282317
0.00024374100030399859
0.00169757300000128453
0.00014367899984790711
0.00102121400004762108
0.00014202100010152208
0.00013353600024856860
0.00083154699996157433
0.00007921799988253042
0.00070118999974511098
0.00007851700001992867
0.00070098099968163297
0.00007856000001993380
0.00008107699977699667
0.00047099999983402085
0.00004824699999517179
0.00075582599993140320
0.00004704599996330217
0.00075631399977282854
0.00004717399997389293
0.00005094900006952230
0.00071409399970434606
0.00002187599966418929
0.00071287299988398445
0.00002105300018229173
0.00071132299990495085
0.00002324300021427916
0.00003077500014114776
0.00013685100020666141
0.00002569099979154998
0.00004136100005780463
0.00066490400013208273
0.00002552800015109824
0.00003585000013117678
0.00011039199989681947
[50] forward pass time :  0.015202707999833365
0.00113105299988092156
0.00027573599982133601
0.00201040100000682287
0.00026833900028577773
0.00024341099970115465
0.00170252699990669498
0.00014493199978460325
0.00102573899994240492
0.00014160499995341524
0.00013377400000535999
0.00082455800020397874
0.00007918599976619589
0.00069683599986092304
0.00007860899995648651
0.00070073400002002018
0.00007887599986133864
0.00008020100040084799
0.00046762400006628013
0.00004772300007971353
0.00074967899990951992
0.00004705399987869896
0.00075090099971930613
0.00004714499982583220
0.00005108599998493446
0.00071105300003182492
0.00002202700034104055
0.00070936399970378261
0.00002258800031995634
0.00070882899990465376
0.00002028400012932252
0.00002956900016215513
0.00013621100015370757
0.00002573700021457626
0.00004286000012143631
0.00065758499977164320
0.00002526099979149876
0.00003606800009947619
0.00011009099989678361
[51] forward pass time :  0.015170303000104468
0.00112035200027094106
0.00027235300012762309
0.00201512700004968792
0.00026722299980974640
0.00024393600006078486
0.00170326799980102805
0.00014361499961523805
0.00102154099977269652
0.00014207799995347159
0.00013397600014286581
0.00081733600018196739
0.00007984200010469067
0.00069564199975502561
0.00007864300005167024
0.00069494099989242386
0.00007961599976624711
0.00008051500026340364
0.00046565499997086590
0.00004817699982595514
0.00074474900020504720
0.00004720900005850126
0.00074382399998285109
0.00004736000028060516
0.00005113499992148718
0.00070822599991515744
0.00002129299991793232
0.00070281499984048423
0.00002179800003432319
0.00070515200013687718
0.00002048100031970534
0.00002967499995065737
0.00013522800009013736
0.00002514900006644893
0.00004138000031161937
0.00065200100016227225
0.00002542299989727326
0.00003612099999372731
0.00010893799981204211
[52] forward pass time :  0.015106878000096913
0.00113177800039920839
0.00027303200022288365
0.00202964199979760451
0.00026775300011649961
0.00024370099981751991
0.00171267699988675304
0.00014370000008057104
0.00102243800029100385
0.00014077500009079813
0.00013350100016396027
0.00083560099983515101
0.00007872700007283129
0.00070272899984047399
0.00007981499993547914
0.00070480200020028860
0.00008227699981944170
0.00008157199999914155
0.00047493100009887712
0.00004831399974136730
0.00074817399990934064
0.00004710899975179927
0.00074364600004628301
0.00004768799999510520
0.00005187499982639565
0.00070784199988338514
0.00002484700007698848
0.00070813299998917500
0.00002193999989685835
0.00070374799997807713
0.00002061400027741911
0.00002999300022565876
0.00013441999999486143
0.00002543099981267005
0.00004150399990976439
0.00065258799986622762
0.00002513700019335374
0.00003622600024755229
0.00010840599998118705
[53] forward pass time :  0.015232209999794577
0.00112347599997519865
0.00027102800004286109
0.00200527199967837078
0.00026870700003200909
0.00024372500001845765
0.00169344799996906659
0.00014268199993239250
0.00102342899981522351
0.00014194400000633323
0.00013402300010056933
0.00082549099988682428
0.00007911600005172659
0.00069703599956483231
0.00007842899958632188
0.00069971600032658898
0.00007834300004105899
0.00007915300011518411
0.00046541300025637611
0.00004862200012212270
0.00075104699999428703
0.00004702100022768718
0.00074753699982466060
0.00004667399980462505
0.00005168299958313582
0.00070078999988254509
0.00002131799965354730
0.00069800700021005468
0.00002041399966401514
0.00069558099994537770
0.00002439599984427332
0.00003299899981357157
0.00013628400029119803
0.00002639400008774828
0.00004267399981472408
0.00064888699989751331
0.00002505599968571914
0.00003548399990904727
0.00010812500022439053
[54] forward pass time :  0.015097599999990052
0.00112222200004907791
0.00027094899996882305
0.00202535099970191368
0.00026873699971474707
0.00024370699975406751
0.00171371399983399897
0.00014258999999583466
0.00102041299987831735
0.00014208899983714218
0.00013350999961403431
0.00083498699996198411
0.00008001200012586196
0.00070360300014726818
0.00007872800006225589
0.00070601900006295182
0.00007819399979780428
0.00007921399992483202
0.00046886000018275809
0.00004750400012198952
0.00075802499986821203
0.00004801800014320179
0.00075817800006916514
0.00004730599994218210
0.00005120500009070383
0.00071977700008574175
0.00002172399990740814
0.00071409700012736721
0.00002050199964287458
0.00070686099979866412
0.00002016899998125155
0.00002926400020442088
0.00013569000020652311
0.00002546199993957998
0.00004100999967704411
0.00065324199977112585
0.00002670799995030393
0.00003721799976119655
0.00011103400038336986
[55] forward pass time :  0.015220619000047009
0.00112042199998541037
0.00027154899999004556
0.00201114100036647869
0.00026870300007431069
0.00024321399996551918
0.00170550600023489096
0.00014246699993236689
0.00101914400011082762
0.00014124399967840873
0.00013334899995243177
0.00082997299978160299
0.00008010100009414600
0.00070522699979846948
0.00007925299996713875
0.00070004799999878742
0.00007938499993542791
0.00007980700002008234
0.00046785599988652393
0.00004786199997397489
0.00075447600011102622
0.00004688900025939802
0.00075264799988872255
0.00004761899981531315
0.00005073299962532474
0.00071751499990568846
0.00002153800005544326
0.00071102199990491499
0.00002082699984384817
0.00071326699981000274
0.00002071400012937374
0.00002969899969684775
0.00013710299981539720
0.00002569299977039918
0.00004148699963479885
0.00065794300007837592
0.00002535700014050235
0.00003637300005721045
0.00010938600007648347
[56] forward pass time :  0.015181560000200989
0.00113044599993372685
0.00027265499966233619
0.00200487799975235248
0.00026697600014813361
0.00024289299972224399
0.00170321699988562614
0.00014402799979507108
0.00102199599996311008
0.00014219400009096717
0.00013391600032264250
0.00082318100021439022
0.00007921600035842857
0.00069835800013606786
0.00007984100011526607
0.00070155699995666509
0.00007887699985076324
0.00008089399989330559
0.00046700099983354448
0.00004784900011145510
0.00074820100007855217
0.00004721500044979621
0.00074811300009969273
0.00004709899985755328
0.00005124400013301056
0.00071048500012693694
0.00002283100002387073
0.00070942999991530087
0.00002077299996017246
0.00070617699975628057
0.00002055599998129765
0.00002979100008815294
0.00013612800012197113
0.00002535600015107775
0.00004228000034345314
0.00065799300000435323
0.00002599900017230539
0.00003589700008888030
0.00011030999985450762
[57] forward pass time :  0.015150871000059851
0.00113073699958476936
0.00027290099978927174
0.00200436899967826321
0.00026801299964063219
0.00024340500021935441
0.00171474199987642351
0.00014360400018631481
0.00101902700043865480
0.00014172999999573221
0.00013392899973041494
0.00082600499990803655
0.00007984900003066286
0.00069994799969208543
0.00008094300028460566
0.00070450999965032679
0.00007929299999887007
0.00008130199967126828
0.00046790499982307665
0.00004871300006925594
0.00075313899969842169
0.00004823000017495360
0.00075226399985695025
0.00004752199993163231
0.00005114299983688397
0.00071040800003174809
0.00002494599993951852
0.00071138300017992151
0.00003221399992980878
0.00070865599991520867
0.00002336700026717153
0.00003355799981363816
0.00014143299995339476
0.00002731199992922484
0.00004563699985737912
0.00066345999994155136
0.00004556199974103947
0.00004178100016360986
0.00012160799997218419
[58] forward pass time :  0.015288448999854154
0.00113324099993405980
0.00027255699978923076
0.00201423299995440175
0.00026805199968293891
0.00024443900019832654
0.00169141200012745685
0.00014417000011235359
0.00102464600013263407
0.00014187099986884277
0.00013485800036505680
0.00081901900011871476
0.00007986300033735461
0.00069845000007262570
0.00007979699967108900
0.00070009599994591554
0.00008102599986159476
0.00008189500022126595
0.00046549700027753715
0.00004843099986828747
0.00074619199995140661
0.00004791900028067175
0.00074600700008886633
0.00004763200013258029
0.00005175400019652443
0.00070857900027476717
0.00002251800015073968
0.00070526499985135160
0.00002250399984404794
0.00070524800003113342
0.00002158500001314678
0.00003105599989794428
0.00013754700012214016
0.00002578600015112897
0.00004283999987819698
0.00065412699996159063
0.00002606400039439905
0.00003728399997271481
0.00011061599980166648
[59] forward pass time :  0.015151616999901307
0.00113345199997638701
0.00027309400002195616
0.00202174000014565536
0.00026748199979920173
0.00024442200037810835
0.00170694400003412738
0.00014375199998539756
0.00102446500022779219
0.00014162100023895619
0.00013449599964587833
0.00081826099994941615
0.00007997300008355523
0.00069791399982932489
0.00008035600012590294
0.00069835300018894486
0.00007966199973452603
0.00008180799977708375
0.00046542000018234830
0.00004890100035481737
0.00074730699998326600
0.00004747799994220259
0.00074727000037455582
0.00004734300000563962
0.00005173699992155889
0.00070614700007354259
0.00002230099971711752
0.00070347700011552661
0.00002480200009813416
0.00070837800012668595
0.00002231899998150766
0.00003130899995085201
0.00013715800014324486
0.00002545799998188158
0.00004238400015310617
0.00065541200001462130
0.00002556199979153462
0.00003718900006788317
0.00011045000019294093
[60] forward pass time :  0.015174979000221356
0.00112149000005956623
0.00027202399996895110
0.00201439199963715510
0.00026979499989465694
0.00024547800012442167
0.00170197399984317599
0.00014332899991131853
0.00101853199976176256
0.00014299600024969550
0.00013517800016416004
0.00083234299972900772
0.00007972599996719509
0.00070099399999890011
0.00007955199998832541
0.00069880599994576187
0.00007925800036900910
0.00008053600004132022
0.00046303299995997804
0.00004923400001644040
0.00074592400005712989
0.00004757799979415722
0.00074309399997218861
0.00004773699993165792
0.00005319000001691165
0.00071123200041256496
0.00002275799988638028
0.00070470299988301122
0.00002164299985452089
0.00070536300017920439
0.00002123500007655821
0.00003065400005652918
0.00014516100009132060
0.00002634100019349717
0.00004342800002632430
0.00065550299996175454
0.00002596200010884786
0.00003699299986692495
0.00011010899970642640
[61] forward pass time :  0.015166567000051145
0.00112671499982752721
0.00027176599996892037
0.00202662200035774731
0.00026906800030701561
0.00024471200003972626
0.00170916200022475095
0.00014315699991129804
0.00102803500021764194
0.00014283800010161940
0.00013413900023806491
0.00083309499996175873
0.00008429300032730680
0.00070883599983062595
0.00007994399993549450
0.00070447400003104121
0.00007946699997773976
0.00008144699995682458
0.00046413400013989303
0.00004850699997405172
0.00074214299957020557
0.00004752900031235185
0.00075526000000536442
0.00004832400009036064
0.00005250899994280189
0.00070443300000988529
0.00002308700004505226
0.00070198799994614092
0.00002166600006603403
0.00069716600000901963
0.00002430900030958583
0.00003234399991924874
0.00013579999995272374
0.00002591099973869859
0.00004253099996276433
0.00064859199983402505
0.00002598599985503824
0.00003674899971883860
0.00010972500012940145
[62] forward pass time :  0.015230052999868349
0.00112561900004948257
0.00027368499968360993
0.00201895999998669140
0.00026768799989440595
0.00024385699998674681
0.00170559800017144880
0.00014365600009114132
0.00102165399994191830
0.00014163800005917437
0.00013417799982562428
0.00083376300017334870
0.00007935100029499154
0.00070463300016854191
0.00007865899988246383
0.00070392999987234361
0.00007986200034793001
0.00008077299980868702
0.00046443499968518154
0.00004792199979419820
0.00074219399994035484
0.00004772700003741193
0.00075350499992055120
0.00004798800000571646
0.00005302899990056176
0.00070315000039045117
0.00002286400012962986
0.00070067100023152307
0.00002476500003467663
0.00070321099974535173
0.00002189699989685323
0.00003203799997208989
0.00013595499967777869
0.00002633599979162682
0.00004268199973012088
0.00064897099991867435
0.00002551299985498190
0.00003702200001498568
0.00010966499985443079
[63] forward pass time :  0.015170263999607414
0.00112791199990169844
0.00027296300004309160
0.00201053599994338583
0.00026812000032805372
0.00024466200011374895
0.00168628199980958016
0.00014366499999596272
0.00102590100004817941
0.00014242599991121097
0.00013409699977273704
0.00082427300003473647
0.00007950300005177269
0.00069654199978685938
0.00007985199999893666
0.00070149700013644178
0.00007897199975559488
0.00008123499992507277
0.00046947300006650039
0.00004828599958273116
0.00074370899983478012
0.00004791300034412416
0.00074289299982410739
0.00004792099980477360
0.00005213399981585098
0.00070161600024221116
0.00002577800023573218
0.00070376799976656912
0.00002299499965374707
0.00070058100027381442
0.00002082299988614977
0.00003041200034203939
0.00013374300033319741
0.00003732699997271993
0.00004271400030120276
0.00064843900008781930
0.00002575200005594525
0.00003707399991981220
0.00010985300013999222
[64] forward pass time :  0.01513059599983535
0.00113380400034657214
0.00027245599994785152
0.00201273800030321581
0.00026701799970396678
0.00024295499997606385
0.00170645600019270205
0.00014336699996420066
0.00101952700015317532
0.00014162500019665458
0.00013343799992071581
0.00083051699994030059
0.00007965400027387659
0.00070207299995672656
0.00007938899989312631
0.00070306399993569357
0.00007839199997761170
0.00007952899977681227
0.00046905999988666736
0.00004754800011141924
0.00075604799985740101
0.00004674799993154011
0.00076413599981606239
0.00004727099985757377
0.00005197200016482384
0.00070846500011612079
0.00002173200027755229
0.00071420299991586944
0.00002197699996031588
0.00070609099975627032
0.00002234400017186999
0.00003247199992983951
0.00013777499998468556
0.00002602299991849577
0.00004328500017436454
0.00065585400034251506
0.00002591300017229514
0.00003700600018419209
0.00011144100017190794
[65] forward pass time :  0.015211014000215073
0.00112703199965835665
0.00027377200012779213
0.00201322899965816760
0.00026712699991549016
0.00024267499975394458
0.00170300299987502513
0.00014391200011232286
0.00102476199981538230
0.00014230100032364135
0.00013442899989968282
0.00083445000018400606
0.00007945600009406917
0.00070281299986163503
0.00007895599992480129
0.00071973400008573662
0.00007949500013637589
0.00008138599969242932
0.00047084300013011671
0.00004767499967783806
0.00076005899973097257
0.00004764599998452468
0.00075508400004764553
0.00004773600039698067
0.00005182699987926753
0.00071758499962015776
0.00002150099999198574
0.00069832899998800713
0.00002422499983367743
0.00070800999992570723
0.00002058900008705677
0.00002995799968630308
0.00013433999993139878
0.00002543300024626660
0.00004196200006845174
0.00064777299985507852
0.00002543199980209465
0.00003691500023705885
0.00010942700009763939
[66] forward pass time :  0.015206904000024224
0.00112557600004947744
0.00027228299995840644
0.00201551400004973402
0.00026766700011648936
0.00024307300009240862
0.00171343100009835325
0.00014309599964690278
0.00101626800005760742
0.00014125799998510047
0.00013321999995241640
0.00082884300036312197
0.00007901800017862115
0.00069945399991411250
0.00007896799979789648
0.00070692999997845618
0.00007864500003051944
0.00008002399999895715
0.00046895999957996537
0.00004752599988933071
0.00075472300022738636
0.00004803599995284458
0.00075662099970941199
0.00004729200009023771
0.00006220900013431674
0.00071671599971523392
0.00002192599959016661
0.00071569900001122733
0.00002325800005564815
0.00070343500010494608
0.00002077599992844625
0.00003071399987675250
0.00013382199995248811
0.00002498899993952364
0.00004073399986737058
0.00064620300008755294
0.00002497500008757925
0.00003630299988799379
0.00010809300010805600
[67] forward pass time :  0.0151906730002338
0.00112668199972176808
0.00027243900012763334
0.00202358200021990342
0.00026720899995780201
0.00024347899989152211
0.00170232700020278571
0.00014389999978448031
0.00101508799980365438
0.00014283900009104400
0.00013473599983626627
0.00082704100032060524
0.00007977899986144621
0.00069606299985025544
0.00007860100004108972
0.00070375199993577553
0.00007962799963934231
0.00008098100033748779
0.00046858599989718641
0.00004821999982596026
0.00075089900019520428
0.00004712800000561401
0.00075094900012118160
0.00004670999987865798
0.00005118300032336265
0.00071147399967230740
0.00002127400011886493
0.00070761400002083974
0.00002514199968572939
0.00071342299997922964
0.00002211999981227564
0.00003156999991915654
0.00013591600009021931
0.00002492799967512838
0.00004143399974054773
0.00064708899981269496
0.00002505400016161730
0.00003612399996200111
0.00010816899975907290
[68] forward pass time :  0.015188658000170108
0.00113068999962706584
0.00027166200015926734
0.00201316800030326704
0.00026804500021171407
0.00024396000026172260
0.00170074800007569138
0.00014323999994303449
0.00102158599975155084
0.00014111600012256531
0.00013302299976203358
0.00082287500026723137
0.00007935499979794258
0.00069678699992437032
0.00007844900028430857
0.00069855599986112793
0.00007918900018921704
0.00008146399977704277
0.00046766800005570985
0.00004800599981535925
0.00075279100019542966
0.00004715600016425014
0.00074784100024771760
0.00004688600029112422
0.00005159700003787293
0.00070957200023258338
0.00002169699973819661
0.00070741499985160772
0.00002322499994988902
0.00071093099995778175
0.00002052200034086127
0.00003002699986609514
0.00013595799964605249
0.00002547400026742253
0.00004138900021644076
0.00065891400026885094
0.00002538000035201549
0.00003649600012067822
0.00010888199994951719
[69] forward pass time :  0.01515555800006041
0.00112422699976377771
0.00027185299995835521
0.00201946800007135607
0.00026832999992620898
0.00024393900002905866
0.00170054899990645936
0.00014328399993246421
0.00101530900019497494
0.00014153900019664434
0.00013330899992070044
0.00082277899991822778
0.00008001100013643736
0.00069827000015720841
0.00007872200012570829
0.00069993399984014104
0.00008009900011529680
0.00008093399992503691
0.00046943300003476907
0.00004808399989997270
0.00075042600019514794
0.00004755900044983719
0.00074959899984605727
0.00004722300036519300
0.00005126699988977634
0.00071046099992599920
0.00002134700025635539
0.00070854500017958344
0.00002038299999185256
0.00070936799966148101
0.00002321600004506763
0.00003055199977097800
0.00013540899999497924
0.00002499999982319423
0.00004044599972985452
0.00065829400000438909
0.00002593999988675932
0.00003614400020524045
0.00010887700000239420
[70] forward pass time :  0.015154807999806508
0.00112841000009211712
0.00027211299993723514
0.00201185300011275103
0.00026878100015892414
0.00024403900033576065
0.00169865399993796018
0.00014261100022849860
0.00102603200002704398
0.00014279200013334048
0.00013442999988910742
0.00082533400018292014
0.00007983199975569732
0.00069918700000926037
0.00007882999989305972
0.00069704499992440105
0.00007805199993526912
0.00007935500025268993
0.00046491300008710823
0.00004842199996346608
0.00075058600032207323
0.00004678100003729924
0.00075032599988844595
0.00004659600017475896
0.00005139199993209331
0.00071049999996830593
0.00002194899980167975
0.00070474499989359174
0.00002079799969578744
0.00070656700017934781
0.00002350600016143289
0.00003055299976040260
0.00013569600014307071
0.00002521000033084420
0.00004211300029055565
0.00065727899982448434
0.00002531599966459908
0.00003651499991974561
0.00010941700020339340
[71] forward pass time :  0.015184418999979243
0.00113015399983851239
0.00027222800008530612
0.00200920099996437784
0.00026865900008488097
0.00024392599971179152
0.00170147100016038166
0.00014225299992176588
0.00101737600016349461
0.00014176700005918974
0.00013340700024855323
0.00083877799988840707
0.00008010100009414600
0.00069896400009383797
0.00007912699993539718
0.00070259999984045862
0.00007842800005164463
0.00007934199993542279
0.00046523799983333447
0.00004866299968853127
0.00075084099989908282
0.00004742700002680067
0.00075115599975106306
0.00004746500007968280
0.00005157500027053175
0.00070922299983067205
0.00002143300025636563
0.00070860100004210835
0.00002065199987555388
0.00070660399978805799
0.00002126799972756999
0.00003035800000361633
0.00014958600013414980
0.00002704500002437271
0.00004358300020612660
0.00066062999985661008
0.00002546899986555218
0.00003821200016318471
0.00010907600017162622
[72] forward pass time :  0.01519072299970503
0.00112355900000693509
0.00027215900036026142
0.00199884499988911557
0.00026986900002157199
0.00024436900002910988
0.00169156600031783455
0.00014244299973142915
0.00101387900031113531
0.00014092100036577904
0.00013360599996303790
0.00082182699998156750
0.00007976799997777562
0.00069603699967046850
0.00007862700022087665
0.00069630400003006798
0.00007812800004103337
0.00007995599980858970
0.00046249700017142459
0.00004738999996334314
0.00074435399983485695
0.00004673500006902032
0.00074454700006754138
0.00004738699999506935
0.00005163300011190586
0.00070820200016896706
0.00002153700006601866
0.00070351599970308598
0.00002039900027739350
0.00070467599971379968
0.00002032000020335545
0.00002909500017267419
0.00013564499977292144
0.00002511100001356681
0.00004111099997317069
0.00065368900004614261
0.00002557200014052796
0.00003606000018407940
0.00011990099983449909
[73] forward pass time :  0.015087978999872576
0.00112130299976342940
0.00027189000002181274
0.00200821700036613038
0.00026707400002123904
0.00024414500012426288
0.00169206500004293048
0.00014436399987971527
0.00102074799997353693
0.00014194499999575783
0.00013397200018516742
0.00081854600011865841
0.00007940200021039345
0.00069476999988182797
0.00007938199996715412
0.00069472499990297365
0.00007897900013631443
0.00008121900009427918
0.00046447000022453722
0.00004824600000574719
0.00074652499961302965
0.00004773699993165792
0.00074511899993012776
0.00004748299988932558
0.00005084800022814306
0.00070381000023189699
0.00002273499967486714
0.00070539399985136697
0.00002068599997073761
0.00070249200007310719
0.00002043499989667907
0.00003003900019393768
0.00013522200015358976
0.00002567199999248260
0.00004110800000489689
0.00065260400015176856
0.00002504000030967291
0.00003602100014177267
0.00010826700008692569
[74] forward pass time :  0.01508723100005227
0.00112450599999647238
0.00027123000018036691
0.00201219700011279201
0.00026680599967221497
0.00024361099985981127
0.00170655500005523209
0.00014349799994306522
0.00102125600005820161
0.00014113499992163270
0.00013315299975147354
0.00082334999979138956
0.00007987099979800405
0.00069994900013625738
0.00007920999996713363
0.00070321900011549587
0.00007933500000945060
0.00008125800013658591
0.00046720699992874870
0.00004849699962505838
0.00075055699971926515
0.00004758899967782781
0.00074856400033240789
0.00004743999988932046
0.00005091799994261237
0.00071049600001060753
0.00002257699998153839
0.00070775199992567650
0.00002072600000246894
0.00070849500025360612
0.00002057199981209124
0.00002950900034193182
0.00013674499996341183
0.00002584699996077688
0.00004155800024818745
0.00065835200030051055
0.00002581599983386695
0.00003718300013133558
0.00010901099994953256
[75] forward pass time :  0.015161739000177477
0.00113204800027233432
0.00027218800005357480
0.00201102999972135876
0.00026828199997908087
0.00024431900010313257
0.00170819000004485133
0.00014240300015444518
0.00102052700003696373
0.00014125899997452507
0.00013332199978322024
0.00083266100000400911
0.00007978400026331656
0.00070026100001996383
0.00007838999999876251
0.00070066399985080352
0.00007860699997763732
0.00007994099996722071
0.00046828599988657515
0.00004756499993163743
0.00075205599978289683
0.00004717799993159133
0.00074508199986667023
0.00004884899999524350
0.00005189700004848419
0.00071018800008459948
0.00002139599973816075
0.00070243100026345928
0.00002158200004487298
0.00070575200015809969
0.00002071800008707214
0.00002970399964397075
0.00013725200005865190
0.00002578299972810782
0.00004333599963501911
0.00065304600002491497
0.00002554299999246723
0.00003589700008888030
0.00011444600022514351
[76] forward pass time :  0.015171046999967075
0.00112681600012365379
0.00027162100013811141
0.00201609100031419075
0.00026865399968301062
0.00024388200017710915
0.00171422500034168479
0.00014276199999585515
0.00102078400004756986
0.00014200600026015309
0.00013412599992079777
0.00083082600031048059
0.00007933699998829979
0.00069938500018906780
0.00007887599986133864
0.00070194499994613579
0.00007828199977666372
0.00007920600000943523
0.00047007700004542130
0.00004781600000569597
0.00075328799994167639
0.00004822100027013221
0.00075661999971998739
0.00004731000035462785
0.00005158400017535314
0.00071603800006414531
0.00002183900005547912
0.00071281700002145953
0.00002055200002359925
0.00071474600008514244
0.00002025200001298799
0.00002921499981312081
0.00013790100001642713
0.00002547199983382598
0.00004195300016363035
0.00066483799992056447
0.00002694400018299348
0.00003684600005726679
0.00011174500014021760
[77] forward pass time :  0.015220985999803816
0.00112769299994397443
0.00027130099988426082
0.00200653699994290946
0.00026774100024340441
0.00024367300011363113
0.00169629499987422605
0.00014258500004871166
0.00101538399985656724
0.00014321400021799491
0.00013403399998423993
0.00082674900022539077
0.00007946999994601356
0.00069705900023109280
0.00007830200001990306
0.00070037600016803481
0.00007841199976610369
0.00008036600002014893
0.00046582100003433879
0.00004864699985773768
0.00075097900025866693
0.00004791299988937681
0.00074934899976142333
0.00004689399975177366
0.00005143899988979683
0.00070968599993648240
0.00002101800009768340
0.00070793400027469033
0.00002053799971690751
0.00070720100029575406
0.00002164900024581584
0.00003043699962290702
0.00013662399987879326
0.00002545500001360779
0.00004193699987808941
0.00065916199991988833
0.00002596500007712166
0.00003636000019469066
0.00011018399982276605
[78] forward pass time :  0.015139614999952755
0.00112649099992268020
0.00027150100004291744
0.00201674099980664323
0.00026836200004254351
0.00024400000029345392
0.00169111900004281779
0.00014418000000659958
0.00101931699964552536
0.00014170599979479448
0.00013321899996299180
0.00081776599972727126
0.00007929299999887007
0.00069314800020947587
0.00007861300036893226
0.00069769299989275169
0.00008057000013650395
0.00008026499972402235
0.00046539100003428757
0.00004786199997397489
0.00074501799963400117
0.00004692199991040980
0.00074435699980313075
0.00004672800014304812
0.00005127099984747474
0.00070452199997816933
0.00002117100029863650
0.00070037000023148721
0.00002083200024571852
0.00070211899992500548
0.00002207700026701787
0.00002970499963339535
0.00013462300012179185
0.00002558300002419855
0.00004060999981447821
0.00065306599981340696
0.00002517399980206392
0.00003515999969749828
0.00010901299992838176
[79] forward pass time :  0.015090113000042038
0.00112224299982699449
0.00027256000021225191
0.00201666900011332473
0.00027096600024378859
0.00024483700008204323
0.00171439399991868413
0.00014398400026038871
0.00102580100019622478
0.00014158600015434786
0.00013322299992069020
0.00082326500023555127
0.00007939400029499666
0.00069475999998758198
0.00007843399998819223
0.00070086799996715854
0.00007936900010463432
0.00008064099984039785
0.00046684699964316678
0.00004843399983656127
0.00074978899965572054
0.00004702899968833663
0.00074604700012059766
0.00004711200017482042
0.00005103000012240955
0.00071151000020108768
0.00002136700004484737
0.00070750400027463911
0.00002340900027775206
0.00071070900003178394
0.00002052499985438772
0.00002994900023622904
0.00013642999965668423
0.00002527100014049211
0.00004181800022706739
0.00065842300000440446
0.00002538600028856308
0.00003634900031102006
0.00010890900011872873
[80] forward pass time :  0.015204029999949853
0.00112365099994349293
0.00027180999995835009
0.00200914500010185293
0.00026723300015873974
0.00024313699987033033
0.00170526600004450302
0.00014371199995366624
0.00102112700005818624
0.00014098900010139914
0.00013352399992072606
0.00083094999990862561
0.00007889400012572878
0.00069951199975548661
0.00007918600022094324
0.00070377700012613786
0.00007850900010453188
0.00007957099978739279
0.00046753100014029769
0.00004853800010096165
0.00075457900038600201
0.00004704999992100056
0.00074390700001458754
0.00004652500001611770
0.00005038400013290811
0.00070536400016862899
0.00002218199961134815
0.00070390099972428288
0.00002180299998144619
0.00070440399986182456
0.00002148100020349375
0.00003087499999310239
0.00013742000010097399
0.00002620099985506386
0.00004230900003676652
0.00066445999982533976
0.00002543699974921765
0.00003605899973990745
0.00010896399999182904
[81] forward pass time :  0.015159675999711908
0.00112670499993328121
0.00027151099993716343
0.00201730199978555902
0.00026767899998958455
0.00024401099972237716
0.00170381099997030105
0.00014247899980546208
0.00102049500037537655
0.00014143299995339476
0.00013320000016392441
0.00082961099997191923
0.00008163099982994027
0.00070407900011559832
0.00007895599992480129
0.00070307099986166577
0.00007868299962865422
0.00008035499968173099
0.00046822000012980425
0.00004741000020658248
0.00075578699988909648
0.00004682299959313241
0.00075236399970890488
0.00004806899960385635
0.00005185200006962987
0.00071819400000094902
0.00002170799962186720
0.00071158500031742733
0.00002141000004485250
0.00071214199988389737
0.00002061300028799451
0.00002979400005642674
0.00013775300021734438
0.00002580799991847016
0.00004105400012122118
0.00066386300022713840
0.00002492899966455298
0.00003605100027925801
0.00010988599979100400
[82] forward pass time :  0.015205522000087512
0.00113482000006115413
0.00027108299991596141
0.00200874800020756084
0.00026861299966185470
0.00024433199996565236
0.00169799100012824056
0.00014234699983717292
0.00101806700013185036
0.00014227400015442981
0.00013392299979386735
0.00082500500002424815
0.00007936000019981293
0.00069754500009366893
0.00007843499997761683
0.00069681100012530806
0.00007866699979786063
0.00007943099990370683
0.00046654400011902908
0.00004747200000565499
0.00075058099992020288
0.00004863300000579329
0.00075313400020604604
0.00004750200014314032
0.00005203699993217015
0.00071217799995793030
0.00002175700001316727
0.00070715699985157698
0.00002043399990725447
0.00070721700012654765
0.00002028300013989792
0.00002966600004583597
0.00013586399973064545
0.00002542799984439625
0.00004103399987798184
0.00065994700025839848
0.00002607900023576804
0.00003664000041680993
0.00010991199997079093
[83] forward pass time :  0.015152951999880315
0.00115283500008445117
0.00027775100033977651
0.00200988000005963841
0.00026809000019056839
0.00025568999990355223
0.00170226999989608885
0.00014405100000658422
0.00102359799984697020
0.00014183400026013260
0.00013286300008985563
0.00082078200011892477
0.00008005899962881813
0.00069505700002991944
0.00007869999990361976
0.00069660899998780224
0.00007881999999881373
0.00007970900014697690
0.00046217199997045100
0.00004722999983641785
0.00074458200015214970
0.00004681900009018136
0.00074394500006746966
0.00004894499988949974
0.00005180900006962474
0.00071331200024360442
0.00002178699969590525
0.00070355000025301706
0.00002088600012939423
0.00070202300003074924
0.00002063400006591110
0.00003021199972863542
0.00014983699975346099
0.00002595099977042992
0.00005170599979464896
0.00065561900009925012
0.00002518800010875566
0.00003514100035317824
0.00011096900016127620
[84] forward pass time :  0.015210362999823701
0.00112740800022947951
0.00027054799966208520
0.00201422800000727875
0.00026801499961948139
0.00024479900002916111
0.00171653000006699585
0.00014246499995351769
0.00102418200003739912
0.00014104199999565026
0.00013302999968800577
0.00082085400026699062
0.00008033399990381440
0.00069816300037928158
0.00007869199998822296
0.00069802200005142367
0.00007938299995657871
0.00008093099995676312
0.00046632999965368072
0.00004788100022778963
0.00074841700006800238
0.00004689699972004746
0.00074848299982477329
0.00004766400024891482
0.00005103400008010794
0.00071173600008478388
0.00002129299991793232
0.00070637799990436179
0.00002057799974863883
0.00070612299987260485
0.00002025899993896019
0.00002957200013042893
0.00013591200013252092
0.00002617000018290128
0.00004232099990986171
0.00065758100026869215
0.00002555199989728862
0.00003629200000432320
0.00010978699992847396
[85] forward pass time :  0.015158950000113691
0.00113151999994443031
0.00027131200022267876
0.00201916300011362182
0.00026766200016936637
0.00024338799994438887
0.00171005799984413898
0.00014270499968915829
0.00102530999993177829
0.00014300200018624309
0.00013390000003710156
0.00083678700002565165
0.00007949899963932694
0.00070330600010493072
0.00007846100015740376
0.00070463700012624031
0.00007809599992469884
0.00007925799991426175
0.00047183400010908372
0.00004773499995280872
0.00075431999994179932
0.00004767600012201001
0.00074883900015265681
0.00004753599978357670
0.00005090900003779097
0.00071259400010603713
0.00002139599973816075
0.00070644599963998189
0.00002174500014007208
0.00070711699981984566
0.00002076000009765266
0.00002940599961220869
0.00013543000022764318
0.00002562999998190207
0.00004160299977229442
0.00065815600009955233
0.00002597100001366925
0.00003630399987741839
0.00011051799992856104
[86] forward pass time :  0.015204787000129727
0.00112634700008129585
0.00027130099988426082
0.00201231899973208783
0.00026711700002124417
0.00024316700000781566
0.00171787899989794823
0.00014275399962571100
0.00102191299993137363
0.00014177799994286033
0.00013339399993128609
0.00083425200000419863
0.00007916000004115631
0.00070216199992501060
0.00007822199995644041
0.00070353799992517452
0.00007803900007274933
0.00007863200016799965
0.00046959199971752241
0.00004978300012226100
0.00076094499991086195
0.00004735400034405757
0.00075818899995283573
0.00004740100030176109
0.00005101699980514240
0.00072054600013871095
0.00002206199997090152
0.00071497900034955819
0.00002051499996014172
0.00071298200009550783
0.00002193399996031076
0.00003046300025744131
0.00013661000002684887
0.00002585799984444748
0.00004049700010000379
0.00066739299973050947
0.00002534800023568096
0.00003619400013121776
0.00010929699965345208
[87] forward pass time :  0.015233396999974502
0.00112894299991239677
0.00027259999978923588
0.00201740400007111020
0.00026768199995785835
0.00024275799978568102
0.00170565200005512452
0.00014405699994313181
0.00102383700004793354
0.00014178700030242908
0.00013301199987836299
0.00082876299984491197
0.00007916699996712850
0.00070039599995652679
0.00007823900023140595
0.00070103899997775443
0.00007913800027381512
0.00008019400002012844
0.00046694699994986877
0.00004751699998450931
0.00075379800000519026
0.00004741099974125973
0.00075395400017441716
0.00004694599965660018
0.00005131500029165181
0.00071495200018034666
0.00002148300018234295
0.00071093899987317855
0.00002078399984384305
0.00071477300025435397
0.00002176899988626246
0.00003095400006714044
0.00013579199958257959
0.00002494599993951852
0.00004175200001554913
0.00066367299996272777
0.00002535800012992695
0.00003606199970818125
0.00010956300002362696
[88] forward pass time :  0.015199279000171373
0.00112631299998611212
0.00027186300030734856
0.00201895500003956840
0.00026740799967228668
0.00024424999992334051
0.00170042199988529319
0.00014473300007011858
0.00102516500010096934
0.00014165100037644152
0.00013406900006884825
0.00082385799987605424
0.00007910600015748059
0.00069536999990305048
0.00007995299984031590
0.00070020299972384237
0.00007869900036894251
0.00008001300011528656
0.00046576500017181388
0.00004773099999511032
0.00074861100029011141
0.00004734699996333802
0.00074989899985666852
0.00004704399998445297
0.00005070299994258676
0.00071182900001076632
0.00002267300033054198
0.00070917400034886668
0.00002065899980152608
0.00070602400001007481
0.00002064899990728009
0.00002968000035252771
0.00013583899999503046
0.00002578900011940277
0.00004154099997322191
0.00065819600013128365
0.00002548299971749657
0.00003583099987736205
0.00011000499989677337
[89] forward pass time :  0.015157900999838603
0.00113042699967991211
0.00027132200011692476
0.00201703200036718044
0.00026665500035960576
0.00024353399976462242
0.00172136100036368589
0.00014305499962574686
0.00101981900024838978
0.00014137600010144524
0.00013300399996296619
0.00082443500014051097
0.00008087800006251200
0.00069891600014670985
0.00007863199971325230
0.00070064000010461314
0.00007885500008342206
0.00008084000000962988
0.00046602299971709726
0.00004762799972013454
0.00074935300017386908
0.00004694400013249833
0.00074829499999395921
0.00004779299979418283
0.00005157100031283335
0.00071378600023308536
0.00002146099996025441
0.00070616700031678192
0.00002081499997075298
0.00070765099962954991
0.00002054700007647625
0.00002995099976033089
0.00013605699996332987
0.00002551100033088005
0.00004141599993090495
0.00065835800023705815
0.00002548200018281932
0.00003659300000435906
0.00010909100001299521
[90] forward pass time :  0.015175483999883
0.00112322699987998931
0.00027101399973616935
0.00202048800019838382
0.00026771799957714393
0.00024327900018761284
0.00169803399967349833
0.00014220100001693936
0.00102130300001590513
0.00014168799998515169
0.00013337999962459435
0.00083389600013106246
0.00007900400032667676
0.00070311299987224629
0.00007862399979785550
0.00070415100026366417
0.00007877999996708240
0.00007953199974508607
0.00047106200008784072
0.00004773999989993172
0.00075714099966717185
0.00004931199964630650
0.00075119199982509599
0.00004732600018542144
0.00005163900004845345
0.00070855800004210323
0.00002159999985451577
0.00070616700031678192
0.00002166900003430783
0.00070640399962940137
0.00003126000001429929
0.00002970800005641649
0.00013631900037580635
0.00002570800006651552
0.00004152599967710557
0.00065832700011014822
0.00002615399989736034
0.00003685699994093738
0.00011022499984392198
[91] forward pass time :  0.015189816000201972
0.00112595299970053020
0.00027134500032843789
0.00202013999978589709
0.00026872099988395348
0.00024329799998668022
0.00171663399987664889
0.00014233199999580393
0.00102167400018515764
0.00014171900011206162
0.00013337199970919755
0.00083573599977171398
0.00007905100028438028
0.00070334200017896364
0.00007839099998818710
0.00070481599959748564
0.00007793700024194550
0.00007905800021035247
0.00046983400034150691
0.00004814000021724496
0.00075911900012215483
0.00004816599994228454
0.00075927600028080633
0.00004711399969892227
0.00005101499982629321
0.00071605599987378810
0.00002150000000256114
0.00071350999996866449
0.00002070400023512775
0.00071488599996882840
0.00002317100006621331
0.00003052800002478762
0.00013838999984727707
0.00002529399989725789
0.00004169199974057847
0.00066492700034359586
0.00002533900033085956
0.00003561299990906264
0.00010955700008707936
[92] forward pass time :  0.015242492000197672
0.00112788099977478851
0.00027126900022267364
0.00201110700027129496
0.00026750300003186567
0.00024285799963763566
0.00170279600024514366
0.00014391600007002125
0.00102424599981532083
0.00014211600000635372
0.00013355800001590978
0.00082907500018336577
0.00007920699999885983
0.00069967199988241191
0.00007878199994593160
0.00070174699976632837
0.00007887200035838760
0.00007949700011522509
0.00046846799978084164
0.00004831699970964110
0.00075385699983598897
0.00004702599972006283
0.00075452700002642814
0.00004679800031226478
0.00005116800002724631
0.00071207000019057887
0.00002148099974874640
0.00071072499986257753
0.00002060799988612416
0.00071744100023352075
0.00002081299999190378
0.00002982500018333667
0.00013497799955075607
0.00002517600023566047
0.00004134000027988805
0.00066235300027983612
0.00002557200014052796
0.00003578100040613208
0.00010975000031976379
[93] forward pass time :  0.015186569000434247
0.00113065400000778027
0.00027334000014889170
0.00201101299990114057
0.00026743499984149821
0.00024363000011362601
0.00170351999986451119
0.00015656300001865020
0.00102974799983712728
0.00014265200024965452
0.00013540899999497924
0.00082823299999290612
0.00007959599997775513
0.00071061300013752771
0.00008133900018947315
0.00070320400027412688
0.00007887399988248944
0.00008102400033749291
0.00046515499980159802
0.00004763900005855248
0.00074852299985650461
0.00004754000019602245
0.00075152999988858937
0.00004748500032292213
0.00005166699975234224
0.00071148799997899914
0.00002129299991793232
0.00070544200025324244
0.00002331200039407122
0.00071042499985196628
0.00002164100033041905
0.00003156299999318435
0.00014806799981670338
0.00002512699984436040
0.00004313399995226064
0.00065807999999378808
0.00002559399990786915
0.00003517999994073762
0.00011046899999200832
[94] forward pass time :  0.015231964000122389
0.00112368700001752586
0.00027148799972565030
0.00200448200030223234
0.00026678499989429838
0.00024370899973291671
0.00170800799969583750
0.00014236000015444006
0.00102101500033313641
0.00014088100033404771
0.00013338899998416309
0.00082854999982373556
0.00007967600004121778
0.00069895899969196762
0.00007864400004109484
0.00069730799987155478
0.00007821100007276982
0.00007972799994604429
0.00046143000008669333
0.00004739099995276774
0.00074430900031074998
0.00004730400041808025
0.00074447499991947552
0.00004689000024882262
0.00005123300024933997
0.00070727999991504475
0.00002278800002386561
0.00070456599996759905
0.00002051100000244332
0.00070588500011581345
0.00002071500011879834
0.00002982199976031552
0.00013589300033345353
0.00002558999995017075
0.00004238600013195537
0.00065255599974989309
0.00002536400006647455
0.00003723800000443589
0.00010955300012938096
[95] forward pass time :  0.015114354999695934
0.00112580399991202285
0.00027177100037079072
0.00201631100026133936
0.00026864099982049083
0.00024296200035678339
0.00171520200001396006
0.00014245199963625055
0.00102773999969940633
0.00014143399994281936
0.00013387700028033578
0.00083465099987733993
0.00008035600012590294
0.00070519400014745770
0.00007871699972383794
0.00070613700017929659
0.00007790700010446017
0.00007932500011520460
0.00047130199982348131
0.00004725199960375903
0.00075701399964600569
0.00004701299985754304
0.00075720499989984091
0.00004762000025948510
0.00005131899979460286
0.00072023999973680475
0.00002131600012944546
0.00070718599999963772
0.00002108699982272810
0.00070609499971396872
0.00002030799987551291
0.00002917099982369109
0.00013571499994213809
0.00002525900026739691
0.00004167499992036028
0.00065763500015236787
0.00002558000005592476
0.00003666700013127411
0.00011101500012955512
[96] forward pass time :  0.015221768999708729
0.00112494899985904340
0.00027087299986305879
0.00201963700010310276
0.00026783999965118710
0.00024356699987038155
0.00171151899985488853
0.00014191700029186904
0.00102024599982541986
0.00014271800000642543
0.00013396199983617407
0.00083456499987732968
0.00007933000006232760
0.00070191900022109621
0.00007829400010450627
0.00070440299987239996
0.00007768000023133936
0.00007896600027379463
0.00047154800040516420
0.00004733100013254443
0.00075817599963556859
0.00004775800016432186
0.00075959200012221118
0.00004677900005845004
0.00005152799985808088
0.00071912499970494537
0.00002140299966413295
0.00071450999985245289
0.00002075999964290531
0.00071395099985238630
0.00002039799983322155
0.00002931900007752120
0.00013741300017500180
0.00002585899983387208
0.00004138500025874237
0.00066675000016402919
0.00002591199972812319
0.00004059499997310922
0.00011630600010903436
[97] forward pass time :  0.015272400999947422
0.00112249699986932683
0.00027171500005351845
0.00200867300009122118
0.00026833399988390738
0.00024375300017709378
0.00169783800038203481
0.00014222199979485595
0.00101854600006845430
0.00014172200008033542
0.00013332600019566598
0.00082858999985546689
0.00007938299995657871
0.00069826099979763967
0.00007857899981900118
0.00070033900010457728
0.00007834099960746244
0.00007894500004113070
0.00046827199957988341
0.00005756299970016698
0.00075629899993145955
0.00004701899979409063
0.00075248799976179725
0.00004702700016423478
0.00005087099998490885
0.00071324999998978456
0.00002161099973818636
0.00071052199973564711
0.00002046199961114326
0.00070992699966154760
0.00002029999996011611
0.00002956200023618294
0.00014141000019662897
0.00002611299987620441
0.00004238199971950962
0.00066349999997328268
0.00002569199978097458
0.00003573000003598281
0.00010998599964295863
[98] forward pass time :  0.015177469999798632
0.00112538799976391601
0.00027117799982079305
0.00202934300023116521
0.00026743299986264901
0.00024342399956367444
0.00171967699998276657
0.00014381999972101767
0.00102357500009020441
0.00014139300037641078
0.00013317100001586368
0.00082770400013032486
0.00007997600005182903
0.00070147499991435325
0.00007919500012576464
0.00070096800027386053
0.00007928300010462408
0.00008059500032686628
0.00046898100026737666
0.00004808300036529545
0.00075351699979364639
0.00004674799993154011
0.00075606899963531760
0.00004729100010081311
0.00005099300005895202
0.00071437299993704073
0.00002169399976992281
0.00071020399991539307
0.00003028399987670127
0.00071482400016975589
0.00002095099989674054
0.00003022999999302556
0.00013661699995282106
0.00002525099989725277
0.00004147099980400526
0.00066256299987799139
0.00002539900015108287
0.00003587599985621637
0.00011060199994972209
[99] forward pass time :  0.015238431000398123
0.00112553500002832152
0.00027234099979978055
0.00202725100007228320
0.00026650399968275451
0.00024296700030390639
0.00172258499969757395
0.00014416800013350439
0.00102700000024924520
0.00014104100000622566
0.00013329300008990685
0.00084115099980408559
0.00007927300021037809
0.00070409199997811811
0.00007877300004111021
0.00070202599999902304
0.00007830599997760146
0.00007991599977685837
0.00046533300019291346
0.00004785000010087970
0.00075029500021628337
0.00004721200002677506
0.00074943799972970737
0.00004790699995282921
0.00005188300019653980
0.00071287099990513525
0.00002191900011894177
0.00071487700006400701
0.00002138400031981291
0.00070637899989378639
0.00002041900006588548
0.00003012999968632357
0.00013647399964611395
0.00002540900004532887
0.00004196300005787634
0.00065844199980347184
0.00002519200006645406
0.00003687800017360132
0.00010994100011885166
[100] forward pass time :  0.015223867999793583
Finished Training
