0.00063394899962077034
0.00014576200010196771
0.00114916699976674863
0.00014383999996425700
0.00013537799986806931
0.00111073600010058726
0.00008057900004132534
0.00059495699997569318
0.00007962800009408966
0.00007970500018927851
0.00056970800005728961
0.00004947599973093020
0.00046142900009726873
0.00005035399999542278
0.00046024199991734349
0.00004915099998470396
0.00005447200010166853
0.00036410800021258183
0.00002621299972815905
0.00059595299990178319
0.00002552299974922789
0.00059645100009220187
0.00002557299967520521
0.00003265099985583220
0.00057989300012195599
0.00002273800009788829
0.00057628600006864872
0.00002168800028812257
0.00057583600028010551
0.00002291600003445637
0.00003070599996135570
0.00012193000020488398
0.00002189699989685323
0.00003268899990871432
0.00046196699986467138
0.00002151299986508093
0.00002772200014078408
0.00012824799978261581
[5] forward pass time :  0.010293531000115763
0.00063429700003325706
0.00014582400035578758
0.00114958900030615041
0.00014208399989001919
0.00013509800010069739
0.00109957199993004906
0.00008270700027424027
0.00059728499991251738
0.00008053600004132022
0.00008070000012594392
0.00056921200030046748
0.00004886099986833869
0.00045897400013927836
0.00004835099980482482
0.00046031400006540935
0.00004811899998458102
0.00005271199961498496
0.00036347100012790179
0.00002595199975985452
0.00059462900026119314
0.00002590699978100020
0.00059569100039880141
0.00002495400030966266
0.00003314400009912788
0.00057981500003734254
0.00002216100028817891
0.00057845299988912302
0.00002171200003431295
0.00057679100018503959
0.00002171400001316215
0.00003035600002476713
0.00012121600002501509
0.00002257300002384000
0.00003220600001441198
0.00046205499984353082
0.00002080000012938399
0.00002711200022531557
0.00012943899992023944
[6] forward pass time :  0.010280187999796908
0.00064677899990783771
0.00014652900017608772
0.00111413499962509377
0.00014308900017567794
0.00013599600015368196
0.00093020300028001657
0.00008127499995680409
0.00053539400005320203
0.00007945100014694617
0.00008009499970285106
0.00044686899991575046
0.00004999800012228661
0.00040033799996308517
0.00004833499997403123
0.00039570099988850416
0.00004792799973074580
0.00005335900004865834
0.00029969599972901051
0.00002349099986531655
0.00048568399961368414
0.00002271799985464895
0.00048925300006885664
0.00002204000020356034
0.00003055900015169755
0.00047611800027880236
0.00002301199992871261
0.00047481299998253235
0.00002214000005551497
0.00048053099999378901
0.00002303999963260139
0.00003080099986618734
0.00010603100008665933
0.00002235800002381438
0.00003200099990863237
0.00036311099984231987
0.00002109400020344765
0.00002727099990806892
0.00010668300001270836
[7] forward pass time :  0.00905256600026405
0.00059505599983822322
0.00015151800016610650
0.00101979700002630125
0.00014548999979524524
0.00014243900022847811
0.00093732499999532592
0.00008113700005196733
0.00053439400016941363
0.00007973900028446224
0.00008059600031629088
0.00043980300006296602
0.00004902299997411319
0.00039335399969786522
0.00004825199994229479
0.00039038800014168373
0.00004804800028068712
0.00005302999988998636
0.00029498599997168640
0.00002409000035186182
0.00048447800008943886
0.00002274700000270968
0.00048339800014218781
0.00002226900005553034
0.00003054099988730741
0.00047103699989747838
0.00002258299991808599
0.00046802300039416878
0.00002343500000279164
0.00046801700000287383
0.00002168500031984877
0.00003041400032088859
0.00011561599967535585
0.00002346000019315397
0.00003383600005690823
0.00036685900022348505
0.00002360300004511373
0.00003087599998252699
0.00010900500001298496
[8] forward pass time :  0.00895890399988275
0.00059087899990117876
0.00014854200026093167
0.00100409199967543827
0.00014505000035569537
0.00013695200004804065
0.00091498500023590168
0.00008168399972419138
0.00053300800027500372
0.00007965300028445199
0.00008002200002010795
0.00043564499992498895
0.00004844300019613001
0.00039077600013115443
0.00004831599972021650
0.00038953500006755348
0.00004817399985768134
0.00005307599985826528
0.00029266799992910819
0.00002334600003450760
0.00048025799969764194
0.00002345299981243443
0.00048362300003645942
0.00002238200022475212
0.00003088699986619758
0.00046754400000281748
0.00002197100002376828
0.00046397400001296774
0.00002181300033043954
0.00046497800030920189
0.00002130999973815051
0.00002985100036312360
0.00010368999983256799
0.00002245499990749522
0.00003269500030000927
0.00035484099998939200
0.00002147499981219880
0.00002732899974944303
0.00010500100006538560
[9] forward pass time :  0.008789692999926046
0.00059709500010285410
0.00014775899990127073
0.00100454099992930423
0.00014279800006988808
0.00013550599987866008
0.00091498200026762788
0.00008301900015794672
0.00053379300015876652
0.00008007699989320827
0.00008098199987216503
0.00043585499997789157
0.00004847099990001880
0.00039237400005731615
0.00004771400017489213
0.00039045699986672844
0.00004789400009030942
0.00005296000017551705
0.00029325499963306356
0.00002353700028834282
0.00048055200022645295
0.00002278300007674261
0.00048367399995186133
0.00002212200024587219
0.00003024599982381915
0.00046823899992887164
0.00002403799999228795
0.00046595499998147716
0.00002177599981223466
0.00046328899998115958
0.00002131200017174706
0.00003108800001427880
0.00010385299992776709
0.00002240899993921630
0.00003264599990870920
0.00035523800033843145
0.00002140800006600330
0.00002754499973889324
0.00010525700008656713
[10] forward pass time :  0.00880149500017069
0.00058933699983754195
0.00014760299973204383
0.00100785400036329520
0.00014338400023916620
0.00013592499999504071
0.00092012200002500322
0.00008077400025285897
0.00053544799993687775
0.00007978699977684300
0.00007990100039023673
0.00043680899989340105
0.00005054500024925801
0.00039433300025848439
0.00004820799995286507
0.00039018200004647952
0.00004797200017492287
0.00005355599978429382
0.00029378599992924137
0.00002357700032007415
0.00048258300012093969
0.00002236599993921118
0.00048356999968746095
0.00002243500011900323
0.00003099800005657016
0.00047164500028884504
0.00002266000001327484
0.00046623599973827368
0.00002162900000257650
0.00046344699967448832
0.00002328100026716129
0.00003080499982388574
0.00010548499994911253
0.00002276199984407867
0.00003328499997223844
0.00035617799994724919
0.00002091600026687956
0.00002836600015143631
0.00010615800010782550
[11] forward pass time :  0.008817033000013907
0.00059004600007028785
0.00014789800025027944
0.00100597799973911606
0.00014467900018644286
0.00013557700003730133
0.00091567799972835928
0.00008090200026344974
0.00053338599991548108
0.00007996000022103544
0.00007995100031621405
0.00043495499994605780
0.00004831400019611465
0.00039122700036386959
0.00004837299957216601
0.00039189900007841061
0.00005000200007998501
0.00005419899980552145
0.00029569699972853414
0.00002404899987595854
0.00048228300011032843
0.00002228399989689933
0.00048183699982473627
0.00002242399978058529
0.00003030900006706361
0.00046758899998167180
0.00002234900011899299
0.00046488499992847210
0.00002137699993909337
0.00046590200008722604
0.00002137899991794256
0.00002976400037368876
0.00010449899991726852
0.00002322199998161523
0.00003243999981350498
0.00037229000008665025
0.00002212900017184438
0.00002801900018312153
0.00010724999992817175
[12] forward pass time :  0.008819870000024821
0.00059031999990111217
0.00014831500038781087
0.00100765199977104203
0.00014359500028149341
0.00013640699989991845
0.00092282500008877832
0.00008303499998874031
0.00053412999977808795
0.00008051800023167743
0.00008002499998838175
0.00043292700001984485
0.00004899300029137521
0.00039360199980364996
0.00004840899964619894
0.00039146899962361204
0.00004784800012203050
0.00005314899999575573
0.00029423700016195653
0.00002325500008737436
0.00047896999967633747
0.00002235200008726679
0.00048024799980339594
0.00002330100005565328
0.00003057700041608769
0.00046920700015107286
0.00002242900018245564
0.00046370200016099261
0.00002196300010837149
0.00046486900009767851
0.00002214400001321337
0.00003043200013053138
0.00010485899974810309
0.00002200900007665041
0.00003276999996160157
0.00035454999988360214
0.00002127500010828953
0.00002699600008781999
0.00010578999990684679
[13] forward pass time :  0.008802875000128552
0.00058695999996416504
0.00014775999989069533
0.00100560300006691250
0.00014305800004876801
0.00013580400036516949
0.00091395699973872979
0.00008070600006249151
0.00053301400021155132
0.00008109999998850981
0.00008068000033745193
0.00043622400016829488
0.00004910999996354803
0.00039114499986681039
0.00004863599997406709
0.00038886899983481271
0.00004793700009031454
0.00005213299982642638
0.00029145100006644498
0.00002301800032000756
0.00047977599979276420
0.00002206299996032612
0.00048041499985629343
0.00002220399983343668
0.00003003100027854089
0.00046738399987589219
0.00002237499984403257
0.00046553399988624733
0.00002289099984409404
0.00046349800004463759
0.00002156799973818124
0.00002986400022564339
0.00010338900028727949
0.00002268199978061602
0.00003280800001448370
0.00035450799987302162
0.00002170800007661455
0.00002702599977055797
0.00010601799976939219
[14] forward pass time :  0.008778244000041013
0.00059428399981698021
0.00014820900014456129
0.00100923700028943131
0.00014317600016511278
0.00013582200017481227
0.00091721299986602389
0.00008090299979812698
0.00053428499995789025
0.00007999299987204722
0.00007927600017865188
0.00043712600017897785
0.00004830299985769670
0.00039425900013156934
0.00005038200015405891
0.00039725900023768190
0.00004814400017494336
0.00005387299961512326
0.00029320300018298440
0.00002355100014028721
0.00048371699995186646
0.00002243700009785243
0.00048254300008920836
0.00002198599986513727
0.00003091500002483372
0.00047182999969663797
0.00002328099981241394
0.00046703799989700201
0.00002124200000253040
0.00046840299955874798
0.00002173399980165414
0.00002973500022562803
0.00010419900036140461
0.00002288899986524484
0.00003224800002499251
0.00035653500026455731
0.00002170200014006696
0.00002783300033115665
0.00010728799998105387
[15] forward pass time :  0.00882854600013161
0.00059171900011278922
0.00014789999977438129
0.00100476100033120019
0.00014362399997480679
0.00013545999991038116
0.00091556799998215865
0.00008203299967135536
0.00053196099997876445
0.00007985599995663506
0.00008065700012593879
0.00043455000013636891
0.00004845200010095141
0.00039101699985621963
0.00004819800005861907
0.00039081100021576276
0.00004803999991054297
0.00005270700012260932
0.00029387800032054656
0.00002344799986531143
0.00047726000002512592
0.00002250899979117094
0.00048286300034305896
0.00002472300002409611
0.00003122399994026637
0.00047040300023581949
0.00002247399970656261
0.00046709800017197267
0.00002215800031990511
0.00046400900009757606
0.00002177899978050846
0.00003055299976040260
0.00010451700018165866
0.00002251099977002013
0.00003285999991931021
0.00035571099988374044
0.00002134600026693079
0.00002711100023589097
0.00010431800001242664
[16] forward pass time :  0.008792706999884103
0.00059193700008108863
0.00014827399991190759
0.00101298599975052639
0.00014358500038724742
0.00013580599988927133
0.00092529000039576204
0.00008151600013661664
0.00053877800019108690
0.00007958299966048799
0.00008005900008356548
0.00043641100000968436
0.00004844600016440381
0.00039356400020551519
0.00005468900008054334
0.00039504500000475673
0.00004877299988947925
0.00005301899955156841
0.00029471500010913587
0.00002368499963267823
0.00048257900016324129
0.00002238599972770317
0.00048082600005727727
0.00002192300007664016
0.00002964799978144583
0.00047203499980241759
0.00002263100031996146
0.00046699000040462124
0.00002151799981220393
0.00046689700002389145
0.00002150299997083494
0.00003682699980345205
0.00010766200011858018
0.00002352100000280188
0.00003268899990871432
0.00035580999974627048
0.00002764299961199868
0.00002819600013026502
0.00010686599989639944
[17] forward pass time :  0.008875597000042035
0.00059074099999634200
0.00014780899982724804
0.00100919199985582964
0.00014556099995388649
0.00013557800002672593
0.00092205000009926152
0.00008115799982988392
0.00053400999968289398
0.00007997299962880788
0.00007996099975571269
0.00043638799979817122
0.00004824100005862419
0.00038981399984550080
0.00004789400009030942
0.00039067100033207680
0.00004853799964621430
0.00005256599979475141
0.00029366799981289660
0.00002957200013042893
0.00048323500004698872
0.00002246800022476236
0.00047957200013115653
0.00002226400010840734
0.00003029900017281761
0.00046999400001368485
0.00002245099994979682
0.00046597100026701810
0.00002150699992853333
0.00046452000015051453
0.00002203699978053919
0.00002968399985547876
0.00010545899976932560
0.00002223499996034661
0.00003255999990869896
0.00035752800022237352
0.00002079499972751364
0.00002790700000332436
0.00010501099995963159
[18] forward pass time :  0.00880463699968459
0.00059193800007051323
0.00014767399989068508
0.00100781499986624112
0.00014363899981617578
0.00013567299993155757
0.00092163999988770229
0.00008270799980891752
0.00053788100012752693
0.00008066600003076019
0.00008066999998845858
0.00043670500008374802
0.00004834699984712643
0.00039274200025829487
0.00004798800000571646
0.00038949500003582216
0.00004820300000574207
0.00005291900015436113
0.00029408099999272963
0.00002341199979127850
0.00048398799981441698
0.00002248600003440515
0.00048164000008910079
0.00002309699993929826
0.00003038700015167706
0.00047245499990822282
0.00002185899984397111
0.00046576299973821733
0.00002208699970651651
0.00046831600002406049
0.00002151699982277933
0.00002991899964399636
0.00010435900003358256
0.00002213500010839198
0.00003271299965490471
0.00035722600023291307
0.00002105000021401793
0.00002728300023591146
0.00010588500026642578
[19] forward pass time :  0.008813969000129873
0.00058779199980563135
0.00014769500012334902
0.00100879299998268834
0.00014300900011221529
0.00013634700007969514
0.00092854900003658258
0.00008173600008376525
0.00053341400007411721
0.00008944699993662653
0.00008185900014723302
0.00043913200033784960
0.00004907999982606270
0.00039289599999392522
0.00004810900009033503
0.00039480299983551959
0.00004784399970958475
0.00005223099969953182
0.00029450600004565786
0.00002302400025655515
0.00048228900004687603
0.00002247700012958376
0.00048107099974004086
0.00002216100028817891
0.00003042099979211343
0.00047200699964378146
0.00002179499961130205
0.00046537399975932203
0.00002121199986504507
0.00046754599998166668
0.00002263199985463871
0.00003035200006706873
0.00010503799967409577
0.00002222900002379902
0.00003259899995100568
0.00035796299971480039
0.00002092200020342716
0.00002646299981279299
0.00010550099977990612
[20] forward pass time :  0.008836220999910438
0.00058898999986922718
0.00014747199975317926
0.00100686999985555303
0.00014419499984796857
0.00013608700010081520
0.00092331499990905286
0.00008089500033747754
0.00053421600023284554
0.00008004199980859994
0.00008028999991438468
0.00043840300031661172
0.00004901500005871640
0.00039379599957101163
0.00004832800004805904
0.00039096199998311931
0.00004963000037605525
0.00005381899973144755
0.00029604000019389787
0.00002317600001333631
0.00048250899999402463
0.00002244999996037222
0.00048259300001518568
0.00002213299967479543
0.00003060699964407831
0.00046904999999242136
0.00002212699973824783
0.00046518299996023416
0.00002151899980162852
0.00046503600015057600
0.00002153600007659406
0.00003048899998248089
0.00010498499977984466
0.00002289500025653979
0.00003170300033161766
0.00035744799970416352
0.00002100300025631441
0.00002724100022533094
0.00010590800002319156
[21] forward pass time :  0.008817839000130334
0.00059201200019742828
0.00014778000013393466
0.00100756200026808074
0.00014298499991127755
0.00013599999965663301
0.00092110500008857343
0.00008264999996754341
0.00053605700031766901
0.00007978899975569220
0.00007959699996717973
0.00043852800035892869
0.00004898699990008026
0.00039275100016311626
0.00004824200004804879
0.00039221899987751385
0.00004885399994236650
0.00005270400015433552
0.00029238300021461328
0.00002342900006624404
0.00048301500009984011
0.00002260700011902372
0.00048186200001509860
0.00002747100006672554
0.00003078700001424295
0.00047111499998209183
0.00002254499986520386
0.00046692100022482919
0.00002181600029871333
0.00046600299992860528
0.00002141200002370169
0.00003007600025739521
0.00010441100039315643
0.00002203200028816354
0.00003194300006725825
0.00035658500019053463
0.00002087500024572364
0.00002734000008786097
0.00010411599987492082
[22] forward pass time :  0.008808064000277227
0.00058821700031330693
0.00014750200034541194
0.00101272500023696921
0.00014307899982668459
0.00013607300024887081
0.00092572399989876430
0.00008085599984042346
0.00053564400013783597
0.00008172800016836845
0.00008061299968176172
0.00044009700013702968
0.00004862300011154730
0.00039433200026905979
0.00004846999991059420
0.00039193400016301894
0.00004810600012206123
0.00005262100012259907
0.00029477299995050998
0.00002278700003444101
0.00048017900007835124
0.00002232999986517825
0.00048312700027963729
0.00002240399999209330
0.00003008100020451820
0.00047151799981293152
0.00002194100034103030
0.00046859200028848136
0.00002263500027765986
0.00046884300036253990
0.00002167299999200623
0.00003079899988733814
0.00010523299988562940
0.00002222700004494982
0.00003218999972887104
0.00035687099989445414
0.00002075900010822807
0.00002692899988687714
0.00010568900006546755
[23] forward pass time :  0.008831557000121393
0.00058919599996443139
0.00014777700016566087
0.00101095500031078700
0.00014383300003828481
0.00013566300003731158
0.00092556400022658636
0.00008091100016827113
0.00053309099985199282
0.00007990499989318778
0.00007968399995661457
0.00044136600035926676
0.00004918099966744194
0.00039495900000474649
0.00004770999976244639
0.00039292299970838940
0.00004765199992107227
0.00005281299991111155
0.00030799399974057451
0.00002439899981254712
0.00048732899995229673
0.00002240999992864090
0.00048482200008947984
0.00002273800009788829
0.00003073800007769023
0.00047090399993976462
0.00002223199999207282
0.00046852200011926470
0.00002169700019294396
0.00047036800015121116
0.00002162200007660431
0.00003020300027856138
0.00010519200031922082
0.00002223499996034661
0.00003296299973953865
0.00035985200020149932
0.00002072000006592134
0.00002695100010896567
0.00010593199976938195
[24] forward pass time :  0.00885568300009254
0.00058971599992219126
0.00014822999992247787
0.00101331399991977378
0.00014453499989031116
0.00013633899970955099
0.00093169699994177790
0.00008135500002026674
0.00053663900007450138
0.00008017100026336266
0.00007998199998837663
0.00043770900037998217
0.00004839800021727569
0.00039261699976123055
0.00004819500009034527
0.00038912599984541885
0.00004814099975192221
0.00005325299980540876
0.00029558200003521051
0.00002599999970698263
0.00048322799966626917
0.00002318799988643150
0.00048127299987754668
0.00002361899987590732
0.00003162899974995526
0.00046727100016141776
0.00002384600020377547
0.00046521700005541788
0.00002331500036234502
0.00046676000010847929
0.00002354700018258882
0.00003245600009904592
0.00011419100019338657
0.00002225800017185975
0.00003235199983464554
0.00035271500019007362
0.00002123000012943521
0.00002762999974947888
0.00011012100003426895
[25] forward pass time :  0.008841544000006252
0.00059188300019741291
0.00014793699983783881
0.00101160199983496568
0.00014327400003821822
0.00013612600014312193
0.00092578899966611061
0.00008312999989357195
0.00053403699985210551
0.00007988900006239419
0.00008086800016826601
0.00043907000008402974
0.00004906599997411831
0.00039444999993065721
0.00004824000006919960
0.00039201999970828183
0.00004791699984707520
0.00005334299976311740
0.00029493700003513368
0.00002348500038351631
0.00048149799977181829
0.00002273800009788829
0.00048087200002555619
0.00002230699965366512
0.00002984699995067785
0.00047182399976009037
0.00002456199990774621
0.00047747499957040418
0.00002345799975955742
0.00047032199972818489
0.00002230499967481592
0.00003147000006720191
0.00010532599981161184
0.00002289199983351864
0.00003311799991934095
0.00035656899990499369
0.00002104000031977193
0.00002800999982355279
0.00010544999986450421
[26] forward pass time :  0.00887510700022176
0.00058434299990040017
0.00014764600018679630
0.00100862799990864005
0.00014401900034499704
0.00013650599976244848
0.00092281299976093578
0.00008099500018943218
0.00053349700010585366
0.00007965499980855384
0.00007992900009412551
0.00043840099988301517
0.00004900400017504580
0.00039147500001490698
0.00004818499974135193
0.00039108999999371008
0.00004794999995283433
0.00005299100030242698
0.00029479499971785117
0.00002501299968571402
0.00048714399963500910
0.00002321500005564303
0.00048188300024776254
0.00002274500002386048
0.00003055099978155340
0.00046893900025679613
0.00002180899991799379
0.00046804300018266076
0.00002145899998140521
0.00046591899990744423
0.00002148800012946595
0.00002979999999297434
0.00010533700015002978
0.00002238300021417672
0.00003251400039516739
0.00035631699984151055
0.00002139600019290810
0.00002723499983403599
0.00010446999976920779
[27] forward pass time :  0.00881609300040509
0.00059034600008089910
0.00014797499989072094
0.00101107199998295982
0.00014357800000652787
0.00013615199986816151
0.00092266000001473003
0.00008100100012597977
0.00053306200015867944
0.00007991099982973537
0.00007981199996720534
0.00043778299959740252
0.00004947900015395135
0.00039453199997296906
0.00004805700018550851
0.00039098399975046050
0.00004799099997399026
0.00005224599999564816
0.00029488800009858096
0.00002300599999216502
0.00048076999974000501
0.00002359600011914154
0.00048545499976171413
0.00002298500021424843
0.00003046800020456431
0.00047003899999253917
0.00002234200019302079
0.00046614200027761399
0.00002170800007661455
0.00046765000024606707
0.00002187400014008745
0.00003011399985552998
0.00010399400025562500
0.00002227100003437954
0.00003204299991921289
0.00035640499982036999
0.00002145999997082981
0.00002708700003495323
0.00010582300001260592
[28] forward pass time :  0.008824380000078236
0.00058702699971036054
0.00014766599997528829
0.00100952999991932302
0.00014289199998529512
0.00013531700005842140
0.00092802700009997352
0.00008256299997810856
0.00053619399977833382
0.00008050899987210869
0.00008057700006247615
0.00044269699992582900
0.00004911999985779403
0.00039530999993075966
0.00004888900002697483
0.00039281899989873637
0.00004801900013262639
0.00005318300009093946
0.00029520199996113661
0.00002328400023543509
0.00048354799992011976
0.00002300799997101421
0.00048405500001535984
0.00002249699991807574
0.00002961700010928325
0.00047316100017269491
0.00002385800007687067
0.00046997900017231586
0.00002178700015065260
0.00046718299972781097
0.00002149199963241699
0.00002984000002470566
0.00010524599974814919
0.00002204899965363438
0.00003214300022591488
0.00035899899967262172
0.00002115099960064981
0.00002753999979177024
0.00010634299997036578
[29] forward pass time :  0.008844959000271047
0.00058675599984781002
0.00014832899978500791
0.00101265800003602635
0.00014407500020752195
0.00013704299999517389
0.00091937999968649819
0.00008113299963952159
0.00053264000007402501
0.00007994300040081725
0.00008000900015758816
0.00043725400018956861
0.00005003600017516874
0.00039684100011072587
0.00004842299995289068
0.00039313199977186741
0.00004833599996345583
0.00005270300016491092
0.00029204899965407094
0.00002314999983354937
0.00048190300003625453
0.00002286099970660871
0.00047855899993010098
0.00002233600025647320
0.00003061600000364706
0.00047079200021471479
0.00002236499994978658
0.00046634699992864626
0.00002150799991795793
0.00046770900007686578
0.00002278000010846881
0.00003074999995078542
0.00010451600019223406
0.00002194600028815330
0.00003281699991930509
0.00035783799967248342
0.00002089400004479103
0.00002755300010903738
0.00010656099993866519
[30] forward pass time :  0.008818940999844926
0.00059078999993289472
0.00014748200010217261
0.00100887300004615099
0.00014413700000659446
0.00013645299986819737
0.00091792299963344703
0.00008093699989331071
0.00053393600001072627
0.00008051699978750548
0.00008029599985093228
0.00043801399988296907
0.00004850699997405172
0.00039452600003642146
0.00004816099999516155
0.00039249500014193472
0.00004812599991055322
0.00005298199994285824
0.00029501000017262413
0.00002528999993955949
0.00048721699977249955
0.00002283999992869212
0.00048354599994127057
0.00002270799996040296
0.00003145100026813452
0.00046861100008754875
0.00002244699999209843
0.00046774600014032330
0.00002154300000256626
0.00046557900031984900
0.00002164799980164389
0.00003006200040545082
0.00010438700019221869
0.00002214899996033637
0.00003247299991926411
0.00035633600009532529
0.00002108699982272810
0.00002686599964363268
0.00010606100022414466
[31] forward pass time :  0.008823153000321327
0.00060264400008236407
0.00014791500007049763
0.00101306599981398904
0.00014398099983736756
0.00013665899996340158
0.00091785299991897773
0.00008340800013684202
0.00053818100013813819
0.00008032699997784221
0.00008125199974529096
0.00043797400030598510
0.00004884500003754511
0.00039224400006787619
0.00004804000036529033
0.00038961900008871453
0.00004843199985771207
0.00005321099979482824
0.00029327399988687830
0.00002289000030941679
0.00047867400007817196
0.00002208499972766731
0.00048324799990950851
0.00002188200005548424
0.00003029500021511922
0.00047116099995037075
0.00002364200008742046
0.00046711999993931386
0.00002139499974873615
0.00046855099981257808
0.00002146999986507581
0.00003014499998243991
0.00010541399979047128
0.00002208299974881811
0.00003240300020479481
0.00035655300007420010
0.00002124699994965340
0.00002729100015130825
0.00010673399992811028
[32] forward pass time :  0.008826024000427424
0.00059145800014448469
0.00014746199985893327
0.00100878199964427040
0.00014338500022859080
0.00013616700016427785
0.00092459400002553593
0.00008122500003082678
0.00053321499990488519
0.00009045400020113448
0.00008129499974529608
0.00043869799992535263
0.00004856800023844698
0.00039452400005757227
0.00004827200018553413
0.00039250400004675612
0.00004771400017489213
0.00005270899964671116
0.00029464899989761761
0.00002311600019311300
0.00048271499963448150
0.00002224700028818916
0.00048238199997285847
0.00002194600028815330
0.00002983800004585646
0.00046789099997113226
0.00002250500028821989
0.00046656699987579486
0.00002134400028808159
0.00047108999979172950
0.00002219799989688909
0.00003040299998247065
0.00010458299993842957
0.00002198699985456187
0.00003197700016244198
0.00035724600002140505
0.00002081100001305458
0.00002756499998213258
0.00010575600026641041
[33] forward pass time :  0.008821327000077872
0.00058604600008038688
0.00014784499990128097
0.00100619399972856627
0.00014419999979509157
0.00013642399972013664
0.00092513199979293859
0.00008076099993559183
0.00053444400009539095
0.00008030900016819942
0.00008002599997780635
0.00043378000009397510
0.00004839299981540535
0.00039127900026869611
0.00004818100023840088
0.00038919000007808791
0.00004794599999513594
0.00005202800002734875
0.00029231799999251962
0.00002508299985493068
0.00048336300005757948
0.00002307600016138167
0.00048044100003608037
0.00002283699996041832
0.00003020600024683517
0.00046794200034128153
0.00002227799996035174
0.00046349000012924080
0.00002184999993914971
0.00046567399976993329
0.00002166299964301288
0.00002974299968627747
0.00010442899974805187
0.00002287000006617745
0.00003202900006726850
0.00035420299991528736
0.00002112999982273323
0.00002677399970707484
0.00010508300010769744
[34] forward pass time :  0.008792593000180204
0.00059117099999639322
0.00014814799988016603
0.00100556600000345497
0.00014570400026059360
0.00013677600009032176
0.00091967599973941105
0.00008116599974528071
0.00053272100012691226
0.00008029200034798123
0.00008008499980860506
0.00043314200001987047
0.00004849900005865493
0.00039114199989853660
0.00004827700013265712
0.00038899799983482808
0.00004781000006914837
0.00005312699977366719
0.00029278400006660377
0.00002976299992951681
0.00048152199997275602
0.00002354199978071847
0.00048171199978241930
0.00002741799971772707
0.00003283399973952328
0.00047061599980224855
0.00002294300020366791
0.00046638799994980218
0.00002183600008720532
0.00046610600020358106
0.00002152800016119727
0.00003049400038435124
0.00010479999991730438
0.00002233300028819940
0.00003182499995091348
0.00035413299974607071
0.00002087300026687444
0.00002702899973883177
0.00010531499992794124
[35] forward pass time :  0.008836037999572
0.00059157300029255566
0.00014783300002818578
0.00100819499994031503
0.00014289199998529512
0.00013574100012192503
0.00092342300013115164
0.00008143700006257859
0.00053383500016934704
0.00008031099969230127
0.00008022800011531217
0.00043742099978771876
0.00004873300031249528
0.00039325299985648599
0.00004855399993175524
0.00039071600031093112
0.00004793300013261614
0.00005304999967847834
0.00029326599997148151
0.00002312500009793439
0.00047972599986678688
0.00002265800003442564
0.00048096000000441563
0.00002436000022498774
0.00003120800010947278
0.00047004299995023757
0.00002240100002381951
0.00046840200002407073
0.00002140999959010514
0.00046811100037302822
0.00002147899976989720
0.00002995800014105043
0.00010502599980100058
0.00002240699996036710
0.00003221599990865798
0.00035633300012705149
0.00002097300011882908
0.00002695600005608867
0.00010512699964237981
[36] forward pass time :  0.008816901000045618
0.00058587199964676984
0.00014834500007054885
0.00101336900024762144
0.00014323899995360989
0.00013597299994216883
0.00091878200009887223
0.00008109899999908521
0.00053752099984194501
0.00008125999966068775
0.00008116700018945266
0.00043995900023219292
0.00004875200011156267
0.00039366999999401742
0.00004829499994229991
0.00039314299965553801
0.00004817899980480433
0.00005403800014391891
0.00029398900005617179
0.00002383299988650833
0.00048207800000454881
0.00002248499959023320
0.00048004299969761632
0.00002234400017186999
0.00002991100018334691
0.00046912000016163802
0.00002221900012955302
0.00046783000016148435
0.00002276599980177707
0.00046876899978087749
0.00002159699988624197
0.00002986800018334179
0.00010457500002303277
0.00002237299986518337
0.00003290399990873993
0.00035663300013766275
0.00002085000005536131
0.00002693799979169853
0.00010584299980109790
[37] forward pass time :  0.008824292000099376
0.00058779400023922790
0.00014774199962630519
0.00100726300024689408
0.00014380799984792247
0.00013636499988933792
0.00092221000022618682
0.00008154100032697897
0.00053675100025429856
0.00008076300036918838
0.00008162399990396807
0.00043966900011582766
0.00004949499998474494
0.00039183900025818730
0.00004885799990006490
0.00039175600022645085
0.00004817099988940754
0.00005278500020722277
0.00029270199956954457
0.00002355700007683481
0.00048209299984591780
0.00002229299980172073
0.00048532100026932312
0.00002301499989698641
0.00003054100034205476
0.00047107799991863430
0.00002223899991804501
0.00046825100025671418
0.00002141999993909849
0.00046563100022467552
0.00002229300025646808
0.00003054600028917775
0.00010524300023462274
0.00002232299993920606
0.00003215999959138571
0.00035624300016934285
0.00002084700008708751
0.00002720199972827686
0.00010545899976932560
[38] forward pass time :  0.00882451300003595
0.00059372600026108557
0.00014880500020808540
0.00100725499987674993
0.00014511700010189088
0.00013682600001629908
0.00092421599993031123
0.00008139700003084727
0.00053555500016955193
0.00008042800027396879
0.00007991799975570757
0.00043417400001999340
0.00004884600002696970
0.00039194099963424378
0.00004810700011148583
0.00038985300034255488
0.00004818800016437308
0.00005261300020720228
0.00029248200007714331
0.00002423199975964963
0.00048258399965561694
0.00002277000021422282
0.00048136499981410452
0.00002189699989685323
0.00003073800007769023
0.00046659600002385559
0.00002202399991801940
0.00046629400003439514
0.00002130699976987671
0.00046321299987539533
0.00002197099956902093
0.00003072199979214929
0.00010425499976918218
0.00002227100003437954
0.00003223999965484836
0.00035480599990478368
0.00002089500003421563
0.00002751800002442906
0.00010533199974815943
[39] forward pass time :  0.008806435000224155
0.00058937599987984868
0.00014753499999642372
0.00100420499984466005
0.00014494500010187039
0.00013658999978360953
0.00092215899985603755
0.00008149199993567890
0.00053147099970374256
0.00008024899989322876
0.00007964999986143084
0.00043276599990349496
0.00004858500005866517
0.00039120799965530750
0.00004852300025959266
0.00038911100000404986
0.00004784800012203050
0.00005240100017545046
0.00029212300023573334
0.00002323900025658077
0.00048095600004671724
0.00002360800044698408
0.00048024800025814329
0.00002268999969601282
0.00003031699998246040
0.00046804100020381156
0.00002205800001320313
0.00046454899984382791
0.00002151500029867748
0.00046182899995983462
0.00002119100008712849
0.00002976899986606441
0.00010357900009694276
0.00002182700018238393
0.00003219699965484324
0.00035370900013731443
0.00002098499999192427
0.00002690999963306240
0.00010548500040385989
[40] forward pass time :  0.008779930999935459
0.00059904199997617980
0.00014852300000711693
0.00100052800007688347
0.00014317800014396198
0.00013602299986814614
0.00091500400003496907
0.00008258500020019710
0.00054448999981104862
0.00008052100019995123
0.00008113700005196733
0.00043409500040070270
0.00004921500021737302
0.00039102400023693917
0.00004785099963555695
0.00039144099991972325
0.00004891700018561096
0.00005285199995341827
0.00029125099990778835
0.00002280500029883115
0.00047681100022600731
0.00002302600023540435
0.00048067499983517337
0.00002317700000276091
0.00009279799996875226
0.00047136900002442417
0.00002315000028829672
0.00046559899965359364
0.00002201899997089640
0.00046391400019274442
0.00002135199974873103
0.00003001699997184915
0.00011302999973850092
0.00002343200003451784
0.00003273599986641784
0.00035552400004235096
0.00002069799984383280
0.00002777800000330899
0.00010475899989614845
[41] forward pass time :  0.008869368999967264
0.00058928999987983843
0.00014763099989067996
0.00100375399961194489
0.00014316000033431919
0.00013599700014310656
0.00091463000035219011
0.00008059700030571548
0.00052882999989378732
0.00008069299974522437
0.00008219299979828065
0.00043533200005185790
0.00004913299972031382
0.00039230599986694870
0.00004905500009044772
0.00038915899995117798
0.00004803699994226918
0.00005248099978416576
0.00029146399992896477
0.00002291700002388097
0.00047977100030038855
0.00002260100018247613
0.00047869600030026049
0.00002257000005556620
0.00003038700015167706
0.00046603900000263820
0.00002188300004490884
0.00046359299994946923
0.00002289499980179244
0.00046487800000249990
0.00002405199984423234
0.00003273500033174059
0.00010745100007625297
0.00002383299988650833
0.00003426200009926106
0.00035649799974635243
0.00002066799970634747
0.00002735499992922996
0.00010541900019234163
[42] forward pass time :  0.008791062999989663
0.00058862300011242041
0.00014841800020803930
0.00101065800026844954
0.00014315000044007320
0.00013557900001615053
0.00092112699985591462
0.00008061899961830932
0.00053368199996839394
0.00007978099984029541
0.00007996800013643224
0.00043971300010525738
0.00004856900022787158
0.00040350299968849868
0.00004892100014330936
0.00039298699994105846
0.00004786899989994708
0.00005349599996407051
0.00029422399984468939
0.00002317600001333631
0.00048224700003629550
0.00002325299965377781
0.00048241600006804219
0.00002242600021418184
0.00003012700017279712
0.00047103500037337653
0.00002222900002379902
0.00046566999981223489
0.00002161100019293372
0.00046689700002389145
0.00002121199986504507
0.00003003299980264273
0.00010553600031926180
0.00002236299997093738
0.00003786799970839638
0.00035909200005335151
0.00002143899973816588
0.00002780899967547157
0.00010575899977993686
[43] forward pass time :  0.008836114000132511
0.00058632299987948500
0.00014800799999648007
0.00100899600010961876
0.00014320699983727536
0.00013626999998450628
0.00093317299979389645
0.00008278099994640797
0.00053598500016960315
0.00007989200003066799
0.00008082399972408894
0.00043791799998871284
0.00004842300040763803
0.00039458699984606938
0.00004818599973077653
0.00039200000037453719
0.00004847199988944340
0.00005318000012266566
0.00029375399981290684
0.00002906500003518886
0.00048955600004774169
0.00002797700017254101
0.00048147200004677870
0.00002333199972781586
0.00003140099988740985
0.00046574799989684834
0.00002222400007667602
0.00046485099983328837
0.00002156300024580560
0.00046310400011861930
0.00002139599973816075
0.00003011599983437918
0.00010458299993842957
0.00002254500031995121
0.00003203699998266529
0.00035277999995741993
0.00002118600014000549
0.00002751900001385366
0.00010532500027693459
[44] forward pass time :  0.00885951100008242
0.00058884999998554122
0.00014829500014457153
0.00100600199994005379
0.00014344400005938951
0.00013637000029120827
0.00091702000008808682
0.00008275499976662104
0.00053599499960910180
0.00007965600025272579
0.00008042399986152304
0.00043661400013661478
0.00004888600005870103
0.00039196799980345531
0.00004873500029134448
0.00039122099997257465
0.00004830099987884751
0.00005391000013332814
0.00029369300000325893
0.00002296399998158449
0.00047993299995141570
0.00002225900016128435
0.00048263999997288920
0.00002231600001323386
0.00002968599983432796
0.00047416600000360631
0.00002388900020378060
0.00046707000001333654
0.00002161600014005671
0.00046555700009776046
0.00002153400009774487
0.00003010899990840699
0.00010593599972708034
0.00002252999956908752
0.00003290500035291188
0.00035841499993694015
0.00002123300009770901
0.00002749999976003892
0.00010645399970599101
[45] forward pass time :  0.008817307999834156
0.00059236100014459225
0.00014870900031382916
0.00100846700024703750
0.00014342399981615017
0.00013587700004791259
0.00092045199971835245
0.00008161699997799587
0.00053216100013742107
0.00007978500025274116
0.00008027100011531729
0.00043810400029542507
0.00004902499995296239
0.00039367299996229121
0.00005038300014348351
0.00039617300035388325
0.00004836199968849542
0.00005291499974191538
0.00029525700028898427
0.00002309999990757206
0.00048310400006812415
0.00002287200004502665
0.00048365899965574499
0.00002189500037275138
0.00003084700028921361
0.00046900300003471784
0.00002209500007666065
0.00046642100005556131
0.00002220100031991024
0.00046632800012957887
0.00002204500015068334
0.00003035600002476713
0.00010454699986439664
0.00002233700024589780
0.00003207999998267042
0.00035931100001107552
0.00002179500006604940
0.00002830199991876725
0.00010673599990695948
[46] forward pass time :  0.008831637999719533
0.00059282799975335365
0.00014749399997526780
0.00100526200003514532
0.00014289800037659006
0.00013616400019600405
0.00091448900002433220
0.00008219800020015100
0.00053552500003206660
0.00007965300028445199
0.00008019100005185464
0.00043709900000976631
0.00004935600009048358
0.00039246699998329859
0.00004827200018553413
0.00039161199993031914
0.00004803899992111837
0.00005343300017557340
0.00029428200014081085
0.00002346099972783122
0.00048254800003633136
0.00002269900005558156
0.00048254000012093456
0.00002492400017217733
0.00003152899989800062
0.00047495499984506750
0.00002254499986520386
0.00046624899960079347
0.00002179000011892640
0.00046618400028819451
0.00002166700005545863
0.00003067199986617197
0.00010458799988555256
0.00002241099991806550
0.00003201600020474871
0.00035636799975691247
0.00002139300022463431
0.00002742400010902202
0.00010601099984342000
[47] forward pass time :  0.008819919999950798
0.00059195299991188222
0.00014767999982723268
0.00100873200017304043
0.00014380600032382063
0.00013577500021710875
0.00091884799985564314
0.00008108799966066726
0.00053138700013732887
0.00008008899976630346
0.00008244799983003759
0.00044000000025334884
0.00004928999987896532
0.00039501500032201875
0.00004876499997408246
0.00039622099984626402
0.00004861199977312936
0.00005272099997455371
0.00029390300005616155
0.00002269400010845857
0.00047871100014162948
0.00002256099969599745
0.00047964399982447503
0.00002223999990746961
0.00003054799981327960
0.00046669799985465943
0.00002218999998149229
0.00046586899998146691
0.00002205900000262773
0.00046386199983317056
0.00002245299992864602
0.00003060600010940107
0.00010397200003353646
0.00002231999997093226
0.00003260999983467627
0.00035530100012692856
0.00002136700004484737
0.00002742200013017282
0.00010609999981170404
[48] forward pass time :  0.008809464000023581
0.00058779199980563135
0.00014794500020798296
0.00100597899972854066
0.00014548199987984844
0.00013687199998457800
0.00092710699982490041
0.00008101099956547841
0.00053765599977850798
0.00008005999961824273
0.00008054999989326461
0.00043841599972438416
0.00004836100015381817
0.00039266900012080441
0.00004837799997403636
0.00039354799991997425
0.00004822399978365866
0.00005254100005913642
0.00029680899979211972
0.00002355700007683481
0.00048196299985647784
0.00002252900003441027
0.00048383700004706043
0.00002202699988629320
0.00003033499979210319
0.00047257500000341679
0.00002257000005556620
0.00046601199983342667
0.00002236599993921118
0.00046604999988630880
0.00002179500006604940
0.00003115900017292006
0.00010467199990671361
0.00002247900010843296
0.00003284900003563962
0.00035620400012703612
0.00002125999981217319
0.00002793599969663774
0.00010402699990663677
[49] forward pass time :  0.008818767999855481
0.00059458099985931767
0.00014765500009161769
0.00100922499996158876
0.00014490500007013907
0.00013635999994221493
0.00092308900002535665
0.00008073800017882604
0.00053497299995797221
0.00008000600018931436
0.00007986499986145645
0.00043676500035871868
0.00004898799988950486
0.00039378100018439000
0.00004817299986825674
0.00039350299994111992
0.00004894099993180134
0.00005424500022854772
0.00029644500000358676
0.00002406499970675213
0.00048490400013179169
0.00002361299993935972
0.00048759299988887506
0.00002266699993924703
0.00003278799977124436
0.00047190899977067602
0.00002330500001335167
0.00047016100006658235
0.00002288800033056759
0.00047093700004552375
0.00002245999985461822
0.00003140699982395745
0.00010604699991745292
0.00002310199988642125
0.00003363399991940241
0.00035678399990501930
0.00002171899996028515
0.00002829100003509666
0.00010674699979063007
[50] forward pass time :  0.008861265999712487
0.00058618999992177123
0.00014703199985888205
0.00100988299982418539
0.00014337700031319400
0.00013579599999502534
0.00092484900005729287
0.00008274599986179965
0.00053780799999003648
0.00007997700004125363
0.00008078300015768036
0.00044001100013701944
0.00004927000009047333
0.00039392700000462355
0.00004824600000574719
0.00039199699995151605
0.00004786500039699604
0.00005341099995348486
0.00029609000011987519
0.00002282400009789853
0.00048306400003639283
0.00002260000019305153
0.00048193800012086285
0.00002323100034118397
0.00003077999963352340
0.00047108700027820305
0.00002251299974886933
0.00046840000004522153
0.00002108700027747545
0.00046533599970643991
0.00002138400031981291
0.00002984000002470566
0.00010424299989608699
0.00002206799990744912
0.00003188899972883519
0.00035676400011652731
0.00002077299996017246
0.00002708300007725484
0.00010507400020287605
[51] forward pass time :  0.008825568000247586
0.00059585999997580075
0.00014794200023970916
0.00100476999978127424
0.00014320799982669996
0.00013619699984701583
0.00092124200000398559
0.00008085599984042346
0.00054144500018082908
0.00007967799956531962
0.00007976799997777562
0.00043327000003046123
0.00005123099981574342
0.00039396300007865648
0.00004850599998462712
0.00038975100005700369
0.00004819400010092068
0.00005388999989008880
0.00029427800018311245
0.00002332400026716641
0.00047996900002544862
0.00002270200002385536
0.00047762799977135728
0.00002222100010840222
0.00003079599991906434
0.00046671400014020037
0.00002223700039394316
0.00046173500004442758
0.00002129599988620612
0.00046298100005515153
0.00002264500017190585
0.00003114299988737912
0.00010345999999117339
0.00002245599989691982
0.00003156799994030735
0.00035637700011648121
0.00002097100013997988
0.00002726899992921972
0.00010531699990679044
[52] forward pass time :  0.00880506899966349
0.00059467100027177366
0.00014814400037721498
0.00100627599977087812
0.00014372900022863178
0.00013612700013254653
0.00092111599997224403
0.00008161899995684507
0.00054337799974746304
0.00008004599976629834
0.00007974000027388684
0.00043319300039001973
0.00004874499973084312
0.00039020700023684185
0.00004801700015377719
0.00041238299991164240
0.00005044199997428223
0.00005417600004875567
0.00029565400018327637
0.00002353499985474627
0.00047961500013116165
0.00002266999990752083
0.00047968899980332935
0.00002225399975941400
0.00003078300005654455
0.00046826199968563742
0.00002258999984405818
0.00046548199998142081
0.00002168600030927337
0.00046465200011880370
0.00002123600006598281
0.00003047099971809075
0.00010488400039321277
0.00002268999969601282
0.00003259200002503349
0.00035386800027481513
0.00002079299974866444
0.00002726999991864432
0.00011170299967488972
[53] forward pass time :  0.00886287799994534
0.00059312600023986306
0.00014791399962632568
0.00100528900020435685
0.00014321099979497376
0.00013604400010081008
0.00092345399980331422
0.00008210599980884581
0.00053478500012715813
0.00007985699994605966
0.00008006400003068848
0.00043761500000982778
0.00004839700022785109
0.00039304199981415877
0.00004828800001632771
0.00039366100008919602
0.00004777499998454005
0.00005205600018598489
0.00029305199996088049
0.00002336000034119934
0.00048264099996231380
0.00002848900021490408
0.00048384100000475883
0.00002219799989688909
0.00003055400020457455
0.00047087199982343009
0.00002202099994974560
0.00046651900038341410
0.00002170400011891616
0.00046483300002364558
0.00002186800020353985
0.00002978700013045454
0.00010511400023460737
0.00002219899988631369
0.00003187799984516460
0.00035502600030667963
0.00002067799960059347
0.00002702000028875773
0.00010520900013943901
[54] forward pass time :  0.008820493999792234
0.00058841600002779160
0.00014712300026076264
0.00101077099998292397
0.00014324599987958209
0.00013560299976234091
0.00092747100006818073
0.00008267400016848114
0.00053649199981009588
0.00008097299996734364
0.00008011199997781659
0.00043869199998880504
0.00004829299996345071
0.00039239800025825389
0.00004840899964619894
0.00039125800003603217
0.00004820100002689287
0.00005299900021782378
0.00029359500013015349
0.00002336699981242418
0.00048290099994119373
0.00002259399980175658
0.00048194999999395804
0.00002196500008722069
0.00003089299980274518
0.00047212600020429818
0.00002357099992877920
0.00046928399979151436
0.00002163299996027490
0.00046735600017200341
0.00002131999963239650
0.00003043600008822978
0.00010517900000195368
0.00002224800027761376
0.00003299399986644858
0.00035816599984173081
0.00002082099990730057
0.00002683000002434710
0.00010548299997026334
[55] forward pass time :  0.008840695999879244
0.00059271100008118083
0.00014816900011282996
0.00100695400033146143
0.00014323300001706230
0.00013591800006906851
0.00092278400006762240
0.00008206599977711448
0.00054217199976847041
0.00008039100021051127
0.00008101900039036991
0.00043866199985131971
0.00004851399990002392
0.00039241399963430013
0.00004797500014319667
0.00039342199988823268
0.00004816800037588109
0.00005293000003803172
0.00029488600011973176
0.00002308700004505226
0.00048156200000448734
0.00002270400000270456
0.00048299700029019732
0.00002253299999210867
0.00003052000010939082
0.00047089600002436782
0.00002386900041528861
0.00046655400001327507
0.00002262399993924191
0.00046786800021436648
0.00002179300008720020
0.00003046199981326936
0.00010380899993833737
0.00002207599982284592
0.00003264399992986000
0.00035731900015889551
0.00002146699989680201
0.00002759900007731630
0.00010554399977991125
[56] forward pass time :  0.008834941999793955
0.00058895100028166780
0.00014806399985900498
0.00100515799977074494
0.00014318800003820797
0.00013643600004797918
0.00091479699995034025
0.00008068999977695057
0.00053071199999976670
0.00007994399993549450
0.00008031800007302081
0.00043323699992470210
0.00004855699990002904
0.00039294099997277954
0.00005013899999539717
0.00039175499978227890
0.00004817799981537974
0.00005356400015443796
0.00029368800005613593
0.00002315199981239857
0.00047843999982433161
0.00002231500002380926
0.00047907699990901165
0.00002261999998154351
0.00003027799994015368
0.00047000099993965705
0.00002233999975942424
0.00046576599970649113
0.00002139800017175730
0.00046434300020337105
0.00002131200017174706
0.00003031400001418660
0.00010461900001246249
0.00002198900028815842
0.00003294600037406781
0.00149035599997660029
0.00033582799960640841
0.00012924600014230236
0.00018311099984202883
[57] forward pass time :  0.010491192000245064
0.00062697800012756488
0.00015101899998626322
0.00101287500001490116
0.00014796000004935195
0.00015588199994454044
0.00092052799982411670
0.00008563599976696423
0.00053825400027562864
0.00008173700007318985
0.00008095000021057785
0.00045195499978945008
0.00004932100000587525
0.00039402300035362714
0.00004857799967794563
0.00040279499989992473
0.00004886800024905824
0.00005848399996466469
0.00029304700001375750
0.00002832400014085579
0.00048044599998320336
0.00002238000024590292
0.00048482600004717824
0.00002734800000325777
0.00003982499993071542
0.00047066800016182242
0.00002251299974886933
0.00047450500005652430
0.00002310400032001780
0.00046503000021402841
0.00002137100000254577
0.00003679700012071407
0.00010808599972733646
0.00002283000003444613
0.00003899799958162475
0.00035413099976722151
0.00002184200002375292
0.00002780599970719777
0.00010542300015004002
[58] forward pass time :  0.008990115000415244
0.00058846199999607052
0.00014766200001758989
0.00100924000025770511
0.00014442900010180892
0.00013650000028064824
0.00092413700031102053
0.00008126300008370890
0.00053122999997867737
0.00007983900013641687
0.00007996099975571269
0.00043755100023190607
0.00004856599980485043
0.00039200999981403584
0.00004827799966733437
0.00039132399979280308
0.00005027299994253553
0.00005390199976318399
0.00029700799996135174
0.00002332599979126826
0.00048246599999401951
0.00002245999985461822
0.00048341499996240600
0.00002213099969594623
0.00003073999960179208
0.00047158600000329898
0.00002226900005553034
0.00046655999994982267
0.00002185499988627271
0.00046740000016143313
0.00002128599999196013
0.00003017600010934984
0.00010405500006527291
0.00002281600018250174
0.00003218800020476920
0.00035715700005312101
0.00002071800008707214
0.00002705399992919411
0.00010498700021344121
[59] forward pass time :  0.008819790999950783
0.00059003199976359610
0.00014772099984838860
0.00101012499999342253
0.00014355199982674094
0.00013622300002680277
0.00093259799996303627
0.00008236999974542414
0.00053749700009575463
0.00007966299972395063
0.00007955199998832541
0.00044035900009475881
0.00004855399993175524
0.00039479999986724579
0.00004829799991057371
0.00039308099985646550
0.00004804199988939217
0.00005313000019668834
0.00029406999965431169
0.00002302600023540435
0.00048486600007890956
0.00002267100035169278
0.00048465500003658235
0.00002406700014034868
0.00003201999970769975
0.00047561900009895908
0.00002188999997088104
0.00046933699968576548
0.00002111200001309044
0.00046978999989732984
0.00002196299965362414
0.00003057799995076493
0.00010532799979046104
0.00002234700014014379
0.00003267300007792073
0.00035865799964085454
0.00002098599998134887
0.00002706799978113850
0.00010560500004430651
[60] forward pass time :  0.008857216000251356
0.00058954099995389697
0.00014750299988008919
0.00100891900001442991
0.00014430700002776575
0.00013642700014315778
0.00091959200017299736
0.00008086499974524486
0.00053239899989421247
0.00007971900004122290
0.00008063899986154865
0.00043360300014683162
0.00004826399981538998
0.00039037199985614279
0.00004812899987882702
0.00038990599978205864
0.00004811599956155987
0.00005313300016496214
0.00029430700033117319
0.00002531799964344827
0.00048273300035361899
0.00002228599987574853
0.00047939800015228684
0.00002225399975941400
0.00003083199999309727
0.00046832900034132763
0.00002217300016127410
0.00046364699983314495
0.00002161800011890591
0.00046490900012940983
0.00002153800005544326
0.00003010599994013319
0.00010410499999125022
0.00002224299987574341
0.00003288900006737094
0.00035330599985172739
0.00002094100000249455
0.00002735499992922996
0.00010477299974809284
[61] forward pass time :  0.008791116999873339
0.00058943499971064739
0.00014764100023967330
0.00100200199995015282
0.00014385299982677680
0.00013766499978373758
0.00092747100006818073
0.00008138600014717667
0.00053259699961927254
0.00008037300040086848
0.00008010200008357060
0.00044635699987338739
0.00005073700003777049
0.00039234799987752922
0.00004877999981545145
0.00039198400008899625
0.00004791999981534900
0.00005372700024963706
0.00029149600004529930
0.00002266000001327484
0.00047867200009932276
0.00002408099999229307
0.00048001899995142594
0.00002235599959021783
0.00003074699998251162
0.00046715600001334678
0.00002201799998147180
0.00046354000005521812
0.00002135599970642943
0.00046294899993881700
0.00002211400033047539
0.00003024099987669615
0.00010405700004412211
0.00002210999991802964
0.00003273600032116519
0.00035508099972503260
0.00002132899999196525
0.00002687400001377682
0.00010566600030870177
[62] forward pass time :  0.00891576799995164
0.00059204500030318741
0.00014748600005987100
0.00100352499975997489
0.00014321999969979515
0.00013637700021718047
0.00092011700007788022
0.00008064399980867165
0.00053124499982004636
0.00008126700004140730
0.00008060900017881067
0.00043533300004128250
0.00004893000004813075
0.00039212000001498382
0.00004801699969902984
0.00039040000001477893
0.00004811000007975963
0.00005315799990057712
0.00029289500025697635
0.00002249299996037735
0.00047643200014135800
0.00002245900031994097
0.00048019999985626782
0.00002240300000266870
0.00003035600002476713
0.00046687999974892591
0.00002253100001325947
0.00046673499991811696
0.00002264799968543230
0.00046597099981227075
0.00002107000000250991
0.00003029099980267347
0.00010336000013921876
0.00002193000000261236
0.00003201800018359791
0.00035576699974626536
0.00002124499997080420
0.00002761599989753449
0.00010580599973764038
[63] forward pass time :  0.008791700000074343
0.00059205899970038445
0.00014803700014454080
0.00101453900015258114
0.00014360900013343780
0.00013563799984694924
0.00092063500005679089
0.00008127499995680409
0.00053052300017952803
0.00008078499968178221
0.00007974600021043443
0.00043793100030597998
0.00004921400022794842
0.00039336200006800937
0.00004841400004806928
0.00040466899963575997
0.00004966899996361462
0.00005363099990063347
0.00029543199980253121
0.00002351100010855589
0.00048296699969796464
0.00002204800011895713
0.00048056199966595159
0.00002205800001320313
0.00003043700007765437
0.00046953499986557290
0.00002209400008723605
0.00046494700018229196
0.00002108799981215270
0.00046567600020352984
0.00002132999998138985
0.00002986999970744364
0.00010499100017113960
0.00002242899972770829
0.00003185100013070041
0.00035696399982043658
0.00002101500012940960
0.00002753899980234564
0.00011377200007700594
[64] forward pass time :  0.008840339000016684
0.00059183699977438664
0.00014763599983780296
0.00100670900019395049
0.00014335699961520731
0.00013586300019596820
0.00091958400025760056
0.00008216099968194612
0.00053350599955592770
0.00008011600039026234
0.00008008799977687886
0.00043720799976654234
0.00004868999985774281
0.00039424500027962495
0.00004832199965676409
0.00039059099981386680
0.00004802400007974938
0.00005377500019676518
0.00029419500015137601
0.00002328300024601049
0.00047944500010999036
0.00002249899989692494
0.00048220999997283798
0.00002196400009779609
0.00003004100017278688
0.00047064199998203549
0.00002445400014039478
0.00046870799997122958
0.00002218500003436930
0.00046651200000269455
0.00002188000007663504
0.00003073200014114263
0.00010468899972693180
0.00002237599983345717
0.00003343100024721934
0.00035871000000042841
0.00002131099972757511
0.00002722499993979000
0.00010623600019243895
[65] forward pass time :  0.008818164999865985
0.00059016600016548182
0.00014798799975324073
0.00100668899995071115
0.00014428800022869837
0.00013623800032291911
0.00092074499980299152
0.00008118999994621845
0.00053375600009530899
0.00008016099991436931
0.00008063099994615186
0.00043841400020028232
0.00004906699996354291
0.00039331500011030585
0.00004936599998472957
0.00039410399995176704
0.00004874900014328887
0.00005439200003820588
0.00029715599976043450
0.00002448499981255736
0.00048693300004742923
0.00002441700007693726
0.00048310300007869955
0.00002217499968537595
0.00003048899998248089
0.00046757200016145362
0.00002278200008731801
0.00046308499986480456
0.00002174599967474933
0.00046324799996000365
0.00002120800036209403
0.00002998500031026197
0.00010515800022403710
0.00002293900024596951
0.00003166399983456358
0.00035384500006330200
0.00002076999999189866
0.00002681900014067651
0.00010560900000200490
[66] forward pass time :  0.008820555000056629
0.00059215400005996344
0.00014829200017629773
0.00100863500028935960
0.00014357700001710327
0.00013646500019603991
0.00091953900027874624
0.00008328300009452505
0.00053470700004254468
0.00008012999978745938
0.00008087800006251200
0.00043767399984062649
0.00004853999962506350
0.00039184699971883674
0.00004813999976249761
0.00039112100012062001
0.00004844800014325301
0.00005302499994286336
0.00029367500019361614
0.00002412300000287360
0.00048294300040652161
0.00002241000038338825
0.00048346799985665712
0.00002324100023542996
0.00003058999982386013
0.00047053700018295785
0.00002193199998146156
0.00046573500003432855
0.00002167499997085542
0.00046384699999180157
0.00002145100006600842
0.00003001699997184915
0.00010446499982208479
0.00002217799965364975
0.00003342899981362280
0.00035439099974610144
0.00002174100018237368
0.00002725800004554912
0.00010450099989611772
[67] forward pass time :  0.008813745000225026
0.00059368200027165585
0.00014768700020795222
0.00100990200007800013
0.00014283800010161940
0.00013571799991041189
0.00092543700020542019
0.00008272900004158146
0.00053708599989477079
0.00008141699981933925
0.00008095300017885165
0.00043807399970319238
0.00004864299990003929
0.00039363799987768289
0.00004823700010092580
0.00039164300005722907
0.00004808300036529545
0.00005297500001688604
0.00029348199996093172
0.00002299700008734362
0.00048420500024803914
0.00002219200041508884
0.00048209099986706860
0.00002223599994977121
0.00003039800003534765
0.00046863099987604073
0.00002312499964318704
0.00046897299989723251
0.00002184100003432832
0.00046491500006595743
0.00002120600038324483
0.00003027699995072908
0.00010552499998084386
0.00002223199999207282
0.00003169000001435052
0.00035858299997926224
0.00002081299999190378
0.00002755100013018819
0.00010498200026631821
[68] forward pass time :  0.00881896200007759
0.00058663499976319144
0.00014795199967920780
0.00101986700019551790
0.00014459499971053447
0.00013587400007963879
0.00092389299970818684
0.00008070100011536852
0.00053366800011644955
0.00008013300021048053
0.00008032499999899301
0.00043572599997787620
0.00004850699997405172
0.00039301900005739299
0.00004786799991052249
0.00039187599986689747
0.00004987000011169584
0.00005409200002759462
0.00029723999978159554
0.00002325400009794976
0.00048250800000460004
0.00002282200011904933
0.00048477399968760437
0.00002277199973832467
0.00003057200001421734
0.00047218999998221989
0.00002212400022472139
0.00046985400012999889
0.00002119700002367608
0.00046467999982269248
0.00002095199988616514
0.00003069600006710971
0.00010379500008639297
0.00002213600009781658
0.00003271700006735045
0.00035800900013782666
0.00002042700043602963
0.00002740899981290568
0.00010602900010781013
[69] forward pass time :  0.008837351000238414
0.00058752699987962842
0.00014749199999641860
0.00100752000025750021
0.00014293399999587564
0.00013621200014313217
0.00091603900000336580
0.00008131899994623382
0.00053571199987345608
0.00007983900013641687
0.00008020499990379903
0.00043659199991452624
0.00004834800029129838
0.00039340600005743909
0.00004776599962497130
0.00039045499988787924
0.00004794599999513594
0.00005261400019662688
0.00029432500014081597
0.00002321000010852003
0.00047985100036385120
0.00002209900003435905
0.00048182799991991487
0.00002443599987600464
0.00003214800017303787
0.00047145799999270821
0.00002221300019300543
0.00046677000000272528
0.00002157900007659919
0.00046572199971706141
0.00002163299996027490
0.00003030499965461786
0.00010360600026615430
0.00002239000014014891
0.00003256699983467115
0.00035846199989464367
0.00002092800013997476
0.00002682700005607330
0.00010509899993849103
[70] forward pass time :  0.008801943999969808
0.00059226399980616407
0.00014762599994355696
0.00100528300026780926
0.00014401699991140049
0.00013612800012197113
0.00092721300006815000
0.00008423300005233614
0.00053821799974684836
0.00008060199979809113
0.00008075100004134583
0.00043962399968222599
0.00004862500009039650
0.00039360400023724651
0.00004816000000573695
0.00039206000019476051
0.00004999400016458821
0.00005422699996415759
0.00029607499982375884
0.00002320599969607429
0.00048057399999379413
0.00002248500004498055
0.00048027899993030587
0.00002253400043628062
0.00003085099979216466
0.00047037199965416221
0.00002279599993926240
0.00046374400017157313
0.00002114600010827417
0.00046420199987551314
0.00002146399992852821
0.00003029599974979647
0.00010456199970576563
0.00002220500027760863
0.00003217499988750205
0.00035374600020077196
0.00002081599996017758
0.00002709499995035003
0.00010476700026629260
[71] forward pass time :  0.008836379000058514
0.00058995900008085300
0.00014829499968982418
0.00100765800016233698
0.00014486000009128475
0.00013678100003744476
0.00092719500025850721
0.00008097699992504204
0.00053346200002124533
0.00007960600032674847
0.00008032799996726681
0.00043871199977729702
0.00004829899989999831
0.00039097599983506370
0.00004793200014319154
0.00039129600008891430
0.00004797900010089506
0.00005302300041876151
0.00029431499979182263
0.00002296299999215989
0.00048192399981417111
0.00002322899990758742
0.00048267200008922373
0.00002277300018249662
0.00003142300010949839
0.00047070000027815695
0.00002249399994980195
0.00046595499998147716
0.00002128200003426173
0.00046451100024569314
0.00002133499992851284
0.00003040000001419685
0.00010492199999134755
0.00002261200006614672
0.00003309800013084896
0.00035752899975705077
0.00002126600020346814
0.00002802699964377098
0.00010530800000196905
[72] forward pass time :  0.008822855999824242
0.00059186700036661932
0.00014781599975322024
0.00100780699995084433
0.00014325499978440348
0.00013591000015367172
0.00091975100031049806
0.00008249500024248846
0.00053465000019059516
0.00007987499975570245
0.00008059399988269433
0.00043785199977719458
0.00004905800005872152
0.00039376499989884906
0.00004786599993167329
0.00039038899967636098
0.00004827399970963597
0.00005313100018611294
0.00029285399978107307
0.00002294700016136630
0.00048288100015270174
0.00002208799969594111
0.00048129300012078602
0.00002171899996028515
0.00002989099994010758
0.00047104599980229978
0.00002343599999221624
0.00047224500031006755
0.00002160600024581072
0.00046565400043618865
0.00002104900022459333
0.00003102099981333595
0.00010420199987493106
0.00002241999982288689
0.00003179399982400355
0.00035577600010583410
0.00002064099999188329
0.00002730699998210184
0.00010470100005477434
[73] forward pass time :  0.008815219999632973
0.00059058799979538890
0.00014791200010222383
0.00101246400026866468
0.00014349699995364062
0.00013569700013249530
0.00092184899995118030
0.00008161899995684507
0.00053686199998992379
0.00008039700014705886
0.00008025899978747475
0.00044086700017942348
0.00004881899985775817
0.00039459800018448732
0.00005032499984736205
0.00039435600001525017
0.00004801900013262639
0.00005347199976313277
0.00029604600013044546
0.00002297799983352888
0.00048302799996235990
0.00002244000006612623
0.00048530799995205598
0.00002195400020355009
0.00003020900021510897
0.00047070099981283420
0.00002279000000271481
0.00046863499983373913
0.00002166400008718483
0.00046724200001335703
0.00002156999971703044
0.00003043100014110678
0.00010546600015004515
0.00002234299972769804
0.00003299499985587317
0.00036001600028612302
0.00002188600001318264
0.00002838599993992830
0.00010723400009737816
[74] forward pass time :  0.00885189199971137
0.00058944500005964073
0.00014834300009169965
0.00100597399978141766
0.00014304700016509742
0.00013642200019603479
0.00092247200018391595
0.00008143500008372939
0.00053566599990517716
0.00007993500003067311
0.00008049699999901350
0.00043735100007324945
0.00004873499983659713
0.00039290599988817121
0.00004829999988942291
0.00039360700020552031
0.00004782199994224356
0.00005296199969961890
0.00029388200027824496
0.00002284900028826087
0.00047946499989848235
0.00002246099984404282
0.00048478799999429611
0.00002454599962220527
0.00003126999990854529
0.00047255900017262320
0.00002247699967483641
0.00046688600014022086
0.00002176299994971487
0.00046948499993959558
0.00002201099960075226
0.00003096099999311264
0.00010477600017111399
0.00002252100011901348
0.00003215000015188707
0.00035700499984159251
0.00002070300024570315
0.00002728799972828710
0.00010471999985384173
[75] forward pass time :  0.0088219209997078
0.00059084900021844078
0.00014806600029260153
0.00100971200026833685
0.00014349100001709303
0.00013581500024884008
0.00092476600002555642
0.00008098900025288458
0.00053275599975677324
0.00007944900016809697
0.00008032999994611600
0.00043755700016845367
0.00005095100004837150
0.00039642699994146824
0.00005069899998488836
0.00039104999996197876
0.00004841600002691848
0.00005342499980542925
0.00030208600037440192
0.00002270499999212916
0.00048167899967666017
0.00002205100008723093
0.00048276300003635697
0.00002241599986518850
0.00003152599992972682
0.00047040000026754569
0.00002266699993924703
0.00046683400023539434
0.00002169999970647041
0.00047127300013016793
0.00002139799971700995
0.00003498899968690239
0.00010527599988563452
0.00002220099986516288
0.00003255999990869896
0.00035652999986268696
0.00002082200035147252
0.00002695200009839027
0.00010543300004428602
[76] forward pass time :  0.00884213000017553
0.00059035000003859750
0.00014773099974263459
0.00100589899966507801
0.00014332000000649714
0.00013688499984709779
0.00093192099984662491
0.00008137899976645713
0.00053541199986284482
0.00007962700010466506
0.00008061400012593367
0.00043687200013664551
0.00004833399998460663
0.00039353200008918066
0.00004835200024899677
0.00038975400002527749
0.00004778599986821064
0.00005324599987943657
0.00029600700008813874
0.00002300500000274042
0.00048220500002571498
0.00002341299978070310
0.00048456000013175071
0.00002235300007669139
0.00003065000009883079
0.00047226900005625794
0.00002197799994974048
0.00046704799979124800
0.00002131900009771925
0.00046673599990754155
0.00002105900011883932
0.00003005799999300507
0.00010404600016045151
0.00002180000001317239
0.00003232399967600941
0.00035620599965113797
0.00002117699978043674
0.00002701900029933313
0.00010629899998093606
[77] forward pass time :  0.008826644999771815
0.00058708199958346086
0.00014753999994354672
0.00100341999996089726
0.00014349100001709303
0.00013608199969894486
0.00091911199979222147
0.00008063299992500106
0.00053462500000023283
0.00008240599981945707
0.00008063599989327486
0.00043946100004177424
0.00004866500012212782
0.00039219100017362507
0.00004849200013268273
0.00039194999999381253
0.00004862099967795075
0.00005332300042937277
0.00029419599968605326
0.00002285599975948571
0.00048153200032174936
0.00002235199963251944
0.00048131799985640100
0.00002175600002374267
0.00003052100009881542
0.00047010299977046088
0.00002234899966424564
0.00046814899997116299
0.00002230999962193891
0.00046774800011917250
0.00002138299987564096
0.00003035800000361633
0.00010445500038258615
0.00002213900006609038
0.00003247399990868871
0.00035804499975711224
0.00002083700019284151
0.00002736099986577756
0.00010630099995978526
[78] forward pass time :  0.008810397999695851
0.00059089099977427395
0.00014800500002820627
0.00100459599980240455
0.00014381500022864202
0.00013635699997394113
0.00093556399997396511
0.00008053100009419722
0.00053316200001063407
0.00007963899997776025
0.00008004899973457213
0.00043281900025249342
0.00004846399997404660
0.00039104699999370496
0.00004808899984709569
0.00040207800020652940
0.00004924999984723399
0.00005381800019677030
0.00029228499988676049
0.00002308400007677847
0.00047932300003594719
0.00002259400025650393
0.00047879900012048893
0.00002221400018243003
0.00003029300023627002
0.00046721899980184389
0.00002174500014007208
0.00046333199998116470
0.00002184599998145131
0.00046275100021375692
0.00002109500019287225
0.00003015500033143326
0.00010546500016062055
0.00002184999993914971
0.00003228300010960083
0.00035345900005268049
0.00002103699989675079
0.00002739799992923508
0.00010525000016059494
[79] forward pass time :  0.008806315000128961
0.00058903599983750610
0.00014822200000708108
0.00101148299972919631
0.00014529500003845897
0.00013767499967798358
0.00092567000001508859
0.00008144399998855079
0.00053496200007430161
0.00008128399986162549
0.00008001399964996381
0.00043368700016799266
0.00004842399994231528
0.00039235799977177521
0.00004783799977303715
0.00038736900023650378
0.00004805800017493311
0.00005272800035527325
0.00029376799966485123
0.00002340299988645711
0.00047893500004647649
0.00002331400037292042
0.00048203200003626989
0.00002232800034107640
0.00003153199986627442
0.00046708899981240393
0.00002231799999208306
0.00046414600001298822
0.00002171200003431295
0.00046182300002328702
0.00002132600002369145
0.00003079999987676274
0.00010343200028728461
0.00002200200015067821
0.00003295999977126485
0.00035494300027494319
0.00002069199990728521
0.00002704799999264651
0.00010595399999147048
[80] forward pass time :  0.00882569399982458
0.00059042600014436175
0.00014775199997529853
0.00100840200002494385
0.00014306999992186320
0.00013614399995276472
0.00092830700032209279
0.00008291499989354634
0.00053429199988386245
0.00008007499991435907
0.00008106799987217528
0.00043804099959743326
0.00004896300015388988
0.00039285499997276929
0.00004795799986823113
0.00039040299998305272
0.00004799999987881165
0.00005296400013321545
0.00029451999989760225
0.00002284999982293812
0.00048158499976125313
0.00002257699998153839
0.00047976599989851820
0.00002207600027759327
0.00003005000007760827
0.00046780999991824501
0.00002355500009798561
0.00046887000007700408
0.00002260900009787292
0.00046991699991849600
0.00002135300019290298
0.00003067099987674737
0.00010515000030864030
0.00002224999980171560
0.00003256500031056930
0.00035744599972531432
0.00002098999993904727
0.00002745800020420575
0.00010558299982221797
[81] forward pass time :  0.008828919999814389
0.00059373900012360536
0.00014836099990134244
0.00100927700032116263
0.00014331100010167575
0.00013609799998448580
0.00092844900018462795
0.00008062599999902886
0.00053346499998951913
0.00008003999982975074
0.00007959100003063213
0.00043719399991459795
0.00005121599997437443
0.00039679000019532396
0.00004828500004805392
0.00039371499997287174
0.00004778599986821064
0.00005286300029183622
0.00029450600004565786
0.00002267299987579463
0.00048376999984611757
0.00002254399987577926
0.00048264299994116300
0.00002216799975940376
0.00003085399976043846
0.00046991299996079761
0.00002181399986511678
0.00046818200007692212
0.00002141400000255089
0.00046503800012942520
0.00002095099989674054
0.00003505899985611904
0.00010518299995965208
0.00002266799992867163
0.00003260600033172523
0.00035658600017995923
0.00002092800013997476
0.00002688799986572121
0.00010461700003361329
[82] forward pass time :  0.008836980000069161
0.00058882500024992623
0.00014712299980601529
0.00100974399992992403
0.00014400500003830530
0.00013652999996338622
0.00093373600020640879
0.00008112099976642639
0.00053454399994734558
0.00007997700004125363
0.00008019599999897764
0.00044000900015817024
0.00004839799976252834
0.00039255599995158263
0.00004834599985770183
0.00039333599988822243
0.00004808799985767109
0.00005330100020728423
0.00029849099973944249
0.00002410100023553241
0.00048344700007874053
0.00002256900006614160
0.00051605499993456760
0.00002379999978074920
0.00003272999992987025
0.00047657200002504396
0.00002361899987590732
0.00047171100004561595
0.00002181299987569219
0.00046975599980214611
0.00002120599992849748
0.00002968900025734911
0.00010516799966353574
0.00002216099983343156
0.00003198799959136522
0.00035837400037053158
0.00002089000008709263
0.00002742599963312387
0.00010581200012893532
[83] forward pass time :  0.008891604999917035
0.00058712300005936413
0.00014890000011291704
0.00100885100027880981
0.00014517599993268959
0.00013705199989999528
0.00092436200020529213
0.00008077699976638542
0.00053205600033834344
0.00007997800003067823
0.00008089499988273019
0.00043416900007287040
0.00004864699985773768
0.00039240100022652769
0.00004783000031238771
0.00038994599981378997
0.00004768300004798220
0.00005364400021790061
0.00029274999997142004
0.00002283399999214453
0.00047828500009927666
0.00002332100029889261
0.00048094099975060089
0.00002205700002377853
0.00003075499989790842
0.00046514999985447503
0.00002179399962187745
0.00046390000034080003
0.00002143599976989208
0.00046339700020325836
0.00002132800000254065
0.00003022400005647796
0.00010426299968457897
0.00002200900007665041
0.00003233699999327655
0.00035293100017952383
0.00002099799985444406
0.00002721000009842101
0.00010485999973752769
[84] forward pass time :  0.00878682700022182
0.00060464299986051628
0.00014769699964745087
0.00100496100003510946
0.00014272599992182222
0.00013608500012196600
0.00091999400001441245
0.00008284799969260348
0.00053604699996867566
0.00007999299987204722
0.00008061799962888472
0.00043340000001990120
0.00004891400021733716
0.00039123999977164203
0.00004781600000569597
0.00039292200017371215
0.00004807799996342510
0.00005332199998520082
0.00029169499975978397
0.00002265299963255529
0.00047921900022629416
0.00002266699993924703
0.00048026200011008768
0.00002251400019304128
0.00003061400002479786
0.00046583999983340618
0.00002313799996045418
0.00046505199998136959
0.00002112999982273323
0.00046328700000231038
0.00002125700029864674
0.00003050299983442528
0.00010250200011796551
0.00002257799997096299
0.00003233999996155035
0.00035307999996803119
0.00002062000021396670
0.00002674500001376146
0.00010594300010779989
[85] forward pass time :  0.008789246000105777
0.00059240900009172037
0.00014868099970044568
0.00100937299976067152
0.00014285199995356379
0.00013643800002682838
0.00092082300034235232
0.00008092999996733852
0.00053284800014807843
0.00008014800005184952
0.00007969100033733412
0.00043798399974548374
0.00004835099980482482
0.00039350099996227073
0.00005014299995309557
0.00039364299982480588
0.00004826600024898653
0.00005281399990053615
0.00029262499992910307
0.00002315400024599512
0.00048202400012087310
0.00002222500006610062
0.00048422000008940813
0.00002197899993916508
0.00003088999983447138
0.00047073900032046367
0.00002232499991805525
0.00046765800016146386
0.00002137999990736716
0.00046590099964305409
0.00002096600019285688
0.00003018000006704824
0.00010479600041435333
0.00002256400011901860
0.00003265300028942875
0.00035677899995789630
0.00002195799970650114
0.00002822999977070140
0.00010714999962146976
[86] forward pass time :  0.008823757999834925
0.00058982600012313924
0.00014750300033483654
0.00101694999966639443
0.00014309099969977979
0.00013727099985771929
0.00092889999996259576
0.00008117300012600026
0.00053335899974626955
0.00007974099980856408
0.00008026700015761890
0.00044010800002070027
0.00004887000022790744
0.00039564300004713004
0.00004804600030183792
0.00039581099963470479
0.00004808400035472005
0.00005290499984766939
0.00029441400010910002
0.00002296899992870749
0.00048442600018461235
0.00002241500033051125
0.00049802999956227723
0.00002286000017193146
0.00003059000027860748
0.00047353899981317227
0.00002182000025641173
0.00046899700009817025
0.00002132899999196525
0.00046797200002401951
0.00002107999989675591
0.00003089999972871738
0.00010414100006528315
0.00002230600011898787
0.00003257500020481530
0.00035859900026480318
0.00002046100007646601
0.00002714600032049930
0.00010499499967409065
[87] forward pass time :  0.008861972999966383
0.00059278200023982208
0.00014815700023973477
0.00100550899969675811
0.00014352300013342756
0.00013619899982586503
0.00092409899980339105
0.00008089299990388099
0.00053344800016930094
0.00009087300031751511
0.00008161999994626967
0.00043944900016867905
0.00004876200000580866
0.00039343199978247867
0.00004842899988943827
0.00039261700021597790
0.00004790000002685701
0.00005300700013322057
0.00029347000008783652
0.00002302000029885676
0.00048167100021601073
0.00002233099985460285
0.00048096199998326483
0.00002206399994975072
0.00003024200032086810
0.00046912700008761021
0.00002227400000265334
0.00046538299966414343
0.00002163099998142570
0.00046562300030927872
0.00002210500042565400
0.00003051299972867128
0.00010440099958941573
0.00002201500001319801
0.00003209500027878676
0.00035706300013771397
0.00002062600015051430
0.00002662100041561644
0.00010622699983287021
[88] forward pass time :  0.008849132000250393
0.00058987900001739035
0.00014769100016565062
0.00100775900000371621
0.00014463100023931474
0.00013653699988935841
0.00093622199983656174
0.00008094499980870751
0.00054103000002214685
0.00008038099986151792
0.00008047899973462336
0.00043376100029490772
0.00004821399988941266
0.00038901599964447087
0.00004806400011148071
0.00039000200013106223
0.00004774199987878092
0.00005288100010147900
0.00029267099989738199
0.00002462699967509252
0.00048067199986689957
0.00002209300009781145
0.00048243699984595878
0.00002225099979114020
0.00003068800015171291
0.00046511099981216830
0.00002225099979114020
0.00046320000001287553
0.00002146399992852821
0.00046431300006588572
0.00002170300012949156
0.00003036800035260967
0.00010363899991716607
0.00002250200031994609
0.00003225299997211550
0.00035413700015851646
0.00002077999988614465
0.00002768800004560035
0.00010483100004421431
[89] forward pass time :  0.008810492000066006
0.00058640100041884580
0.00014761599959456362
0.00100556699999287957
0.00014315399994302425
0.00013614699992103851
0.00091503900011957739
0.00008263700010502362
0.00053543300009550876
0.00007952800024213502
0.00008022900010473677
0.00043367499984015012
0.00004904700017505093
0.00039114500032155775
0.00004871800001637894
0.00039053900036378764
0.00004813699979422381
0.00005245100010142778
0.00029154999992897501
0.00002281599972775439
0.00047697499985588365
0.00002208399973824271
0.00048066499994092737
0.00002179400007662480
0.00003089600022576633
0.00046747699980187463
0.00002341000026717666
0.00046698500000275089
0.00002113299979100702
0.00046178499997040490
0.00002136800003427197
0.00003074400001423783
0.00010484900030860445
0.00002235800002381438
0.00003209599981346400
0.00035305299979881966
0.00002074599979096092
0.00002768700005617575
0.00010496000004422967
[90] forward pass time :  0.0087787020001997
0.00059230100032436894
0.00014839499999652617
0.00101159199994071969
0.00014334099978441373
0.00013590400021712412
0.00091841499988731812
0.00008133000028465176
0.00053997600025468273
0.00007976599999892642
0.00008026999967114534
0.00043650799989336520
0.00004836300013266737
0.00039326199976130738
0.00005023299991080421
0.00039439400006813230
0.00004805999969903496
0.00005282300026010489
0.00029608600016217679
0.00002301399990756181
0.00048230399988824502
0.00002236800037280773
0.00048250400004690164
0.00002287600000272505
0.00003066199997192598
0.00047213000016199658
0.00002208200021414086
0.00046544299993911409
0.00002128400001311093
0.00046586200005549472
0.00002128400001311093
0.00003004300015163608
0.00010464400020282483
0.00002200300014010281
0.00003252299984524143
0.00035672500007422059
0.00002180299998144619
0.00002821199996105861
0.00010724300000219955
[91] forward pass time :  0.00883299499992063
0.00058709799986900180
0.00014726700010214699
0.00100985600010972121
0.00014349399998536683
0.00013565800009018858
0.00091953200035277405
0.00008151200017891824
0.00053691099992647651
0.00007970700016812771
0.00007966699968164903
0.00043937700002061320
0.00004822299979423406
0.00039531400034320541
0.00004809999973076629
0.00039166299984572106
0.00004800900023838039
0.00005289000000630040
0.00029545000006692135
0.00002303700011907495
0.00048337899988837307
0.00002297500032000244
0.00048547000005783048
0.00002451699992889189
0.00003166300029988633
0.00047562800000378047
0.00002241100037281285
0.00047035399984451942
0.00002144800009773462
0.00046685600000273553
0.00002093000011882395
0.00002974900007757242
0.00010512099970583222
0.00002174900009777048
0.00003203400001439149
0.00036052499990546494
0.00002052999980151071
0.00002685499975996208
0.00010581599963188637
[92] forward pass time :  0.008833925000089948
0.00059173999989070580
0.00014744700001756428
0.00100681599997187732
0.00014320899981612456
0.00013583800000560586
0.00091801899998245062
0.00008072400032688165
0.00053576400023302995
0.00007974300024216063
0.00008000499974514241
0.00044440800002121250
0.00004991300011170097
0.00039233400002558483
0.00004796700022779987
0.00038843099991936469
0.00004852499978369451
0.00005291400020723813
0.00029386300002443022
0.00002272899973831954
0.00047759299968674895
0.00002289400026711519
0.00048193700013143825
0.00002211299988630344
0.00003039600005649845
0.00046853499998178449
0.00002222100010840222
0.00046548599993911921
0.00002147399982277420
0.00046520300020347349
0.00002284900028826087
0.00003109799990852480
0.00010452300011820626
0.00002212699973824783
0.00003240700016249320
0.00035514000001057866
0.00002117700023518410
0.00002736299984462676
0.00010599500001262641
[93] forward pass time :  0.008804619000329694
0.00059006099991165684
0.00014821800004938268
0.00100527699987651431
0.00014448499996433384
0.00013725100006922730
0.00092117400026836549
0.00008116299977700692
0.00053208899998935522
0.00007959899994602893
0.00008031200013647322
0.00043284100001983461
0.00004841200006922008
0.00038908199985598912
0.00004804200034413952
0.00039059999971868820
0.00004809900019608904
0.00005342099984773085
0.00029232399992906721
0.00002879200019378914
0.00048049500037450343
0.00002230799964308972
0.00047945300002538715
0.00002230699965366512
0.00003052900001421222
0.00046708599984413013
0.00002189999986512703
0.00046525300012945081
0.00002128899996023392
0.00046350999991773278
0.00002137299998139497
0.00003019600035258918
0.00010443600012877141
0.00002171500000258675
0.00003231299979233881
0.00035467299994706991
0.00002086099993903190
0.00002762199983408209
0.00010488699990673922
[94] forward pass time :  0.008787955000116199
0.00059281900030327961
0.00014791600005992223
0.00100875399994038162
0.00014291899969975930
0.00013589600030172733
0.00092053000025771325
0.00008121199971355963
0.00054096699977890239
0.00008013300021048053
0.00008013099977688398
0.00043905499978791340
0.00004912800022793817
0.00039416799972968874
0.00004851399990002392
0.00039209799979289528
0.00004829599993172451
0.00005253399967841688
0.00029501400013032253
0.00002328900018255808
0.00048150700013138703
0.00002267500030939118
0.00048197399974014843
0.00002246499980174121
0.00003037399983440991
0.00047071899962247699
0.00002339399998163572
0.00046779400008745142
0.00002171699998143595
0.00046595499998147716
0.00002260100018247613
0.00003046199981326936
0.00010305500018148450
0.00002227999993920093
0.00003246199958084617
0.00035780600001089624
0.00002064000000245869
0.00002746600011960254
0.00010696000026655383
[95] forward pass time :  0.008829763999983697
0.00059752800007117912
0.00014812199970037909
0.00101207899979272042
0.00014287100020737853
0.00013596300004792283
0.00092597599996224744
0.00008048800009419210
0.00053535600000031991
0.00008008599979802966
0.00008002799995665555
0.00043993799999952898
0.00004823100016437820
0.00039094300018405193
0.00004894099993180134
0.00039377000030071940
0.00004811799999515642
0.00005363899981603026
0.00029546500036303769
0.00002340799983358011
0.00048413900003652088
0.00002222900002379902
0.00048471299987795646
0.00002205600003435393
0.00003060099970753072
0.00047545500001433538
0.00002233500026704860
0.00047072699999262113
0.00002161799966415856
0.00046894500019334373
0.00002149100009773974
0.00003047500013053650
0.00010539000004428090
0.00002265400007672724
0.00003265800023655174
0.00036478199990597204
0.00002136100010829978
0.00002827599973898032
0.00010604599992802832
[96] forward pass time :  0.008859721000135323
0.00059206300011283020
0.00014801499992245226
0.00100610199979200843
0.00014373399972100742
0.00013653399992108461
0.00091944399991916725
0.00008100600007310277
0.00053158499986238894
0.00007990499989318778
0.00007984100011526607
0.00043714799994631903
0.00004869099984716740
0.00039175499978227890
0.00004811700000573182
0.00039098200022635865
0.00004811400003745803
0.00005195699986870750
0.00029311500020412495
0.00002322199998161523
0.00048348300015277346
0.00002424800004519057
0.00048492900032215402
0.00002272499978062115
0.00003075499989790842
0.00047000899985505384
0.00002168499986510142
0.00046573400004490395
0.00002114000017172657
0.00046467399988614488
0.00002168799983337522
0.00003048600001420709
0.00010478700005478458
0.00002226900005553034
0.00003255199999330216
0.00036402000023372239
0.00002246300027763937
0.00002959799985546852
0.00010687700023481739
[97] forward pass time :  0.008841174999815848
0.00059408399965832359
0.00014835100000709645
0.00100987699988763779
0.00014325700021800003
0.00013591900005849311
0.00093118499989941483
0.00008087799960776465
0.00053545800028587109
0.00008155600016834796
0.00008181500015780330
0.00044128399986220757
0.00004867500001637382
0.00039382299974022317
0.00004869900021731155
0.00039018899997245171
0.00004807700042874785
0.00005326900009094970
0.00029342500010898220
0.00002297699984410428
0.00048026000013123848
0.00002257100004499080
0.00048014699996201671
0.00002248500004498055
0.00003015600032085786
0.00046714300015082699
0.00002223299998149741
0.00046444999998129788
0.00002214599999206257
0.00046321399986481993
0.00002145299959011027
0.00003104400002484908
0.00010460200019224430
0.00002221500017185463
0.00003190300003552693
0.00035529399974620901
0.00002088700011881883
0.00002723099987633759
0.00010467900028743315
[98] forward pass time :  0.008820478999950865
0.00059074499995404040
0.00014799700011280947
0.00100612500000352156
0.00014304900014394661
0.00013570000010076910
0.00091523099990808987
0.00008177699965017382
0.00053196500039121020
0.00007978700023159035
0.00008297699969261885
0.00043903100004172302
0.00004943000021739863
0.00039356199977191864
0.00004815800002688775
0.00039191999985632719
0.00004806900005860371
0.00005281600033413270
0.00029501700009859633
0.00002354499974899227
0.00048139699993043905
0.00002233700024589780
0.00048390800020570168
0.00002205200007665553
0.00003050799978154828
0.00047263899978133850
0.00002190500026699738
0.00046662100021421793
0.00002129499989678152
0.00046305499972731923
0.00002254599985462846
0.00003093399982390110
0.00010479999991730438
0.00002205800001320313
0.00003230599986636662
0.00035741000010602875
0.00002108299986502971
0.00002748600036284188
0.00010605100032989867
[99] forward pass time :  0.008811740000055579
0.00059709700008170330
0.00014755799975318951
0.00100901699988753535
0.00014477199965767795
0.00013616900014312705
0.00092308400007823366
0.00008096800002022064
0.00053635800031770486
0.00008025299985092715
0.00008021699977689423
0.00043699600018953788
0.00004815100010091555
0.00039294499993047793
0.00004804699983651517
0.00039242799994099187
0.00004973600016455748
0.00005415099985839333
0.00029590099984488916
0.00002331599989702227
0.00048170299987759790
0.00002290000020366278
0.00048330200024793157
0.00002209600006608525
0.00003028099990842748
0.00046922599995014025
0.00002209100011896226
0.00046717600025658612
0.00002141899994967389
0.00046605600027760374
0.00002267000036226818
0.00003211600005670334
0.00010710500009736279
0.00002334200007680920
0.00003506399980324204
0.00036031799982083612
0.00002214300002378877
0.00002931300014097360
0.00010793799992825370
[100] forward pass time :  0.008854345000145258
Finished Training
