0.00020945799997207359
0.00005315799990057712
0.00029386099959083367
0.00004972499982613954
0.00005538899995372049
0.00015572299980703974
0.00005462899980557268
0.00024300000040966552
0.00005055200017523021
0.00007173199992394075
0.00050918299984914484
0.00005200599980526022
0.00023810500033505377
0.00005039200004830491
0.00023707100035608164
0.00004912300028081518
0.00007118099983927095
0.00031724600012239534
0.00005138300002727192
0.00050969899984920630
0.00004995800009055529
0.00050057899989042198
0.00005064700008006184
0.00007090999997672043
0.00050767499988069176
0.00005346700027075713
0.00050650399998630746
0.00005117199998494470
0.00050413300004947814
0.00004911299993182183
0.00007130800031518447
0.00012360700020508375
0.00005085799966764171
0.00007501700019929558
0.00024322400031451252
0.00005068100017524557
0.00006592899990209844
0.00017044800006260630
[5] forward pass time :  0.006791936999889003
0.00027676999980030814
0.00007256500020957901
0.00032427400037704501
0.00006462999999712338
0.00008243999991464079
0.00019360100031917682
0.00004923199958284386
0.00023724899983790237
0.00004789199965671287
0.00006742200002918253
0.00050814299993362511
0.00005181999995329534
0.00023664599984840606
0.00004803199999514618
0.00023174900024969247
0.00004742500004795147
0.00006672099971183343
0.00031330299998444389
0.00004831299975194270
0.00050111600012314739
0.00004801300019607879
0.00050299300028200378
0.00004758200020660297
0.00006646100018770085
0.00050976900001842296
0.00002355600008741021
0.00045848500030842843
0.00002181099989684299
0.00045670300005440367
0.00002123200010828441
0.00003122399994026637
0.00007729100025244406
0.00002212300023529679
0.00003343199978189659
0.00019771899997067521
0.00002073799987556413
0.00002773799997157766
0.00012477900008889264
[6] forward pass time :  0.006409953999991558
0.00030014100002517807
0.00007413999992422760
0.00032941199970082380
0.00006617000008191098
0.00008448200014754548
0.00019736299964279169
0.00005273999977362109
0.00024274499992316123
0.00005185300005905447
0.00007183200023064273
0.00050978499984921655
0.00005545399972106679
0.00024211100026150234
0.00005121200001667603
0.00023761800002830569
0.00004991400010112557
0.00007198200000857469
0.00031844100021771737
0.00005164699996385025
0.00050529600002846564
0.00005104699994262774
0.00050482100004956010
0.00005040000041844905
0.00007033700012470945
0.00050776399984897580
0.00005358799990062835
0.00050676999990173499
0.00005128600014359108
0.00050602999999682652
0.00005619100011244882
0.00007283599961738219
0.00012418600044838968
0.00004165500013186829
0.00003289300002506934
0.00019729599989659619
0.00002049299973805319
0.00002780700015136972
0.00012575399978231872
[7] forward pass time :  0.0068540050001502095
0.00020979000009901938
0.00006321599994407734
0.00032381600021835766
0.00006532199995490373
0.00008132599987220601
0.00019121400009680656
0.00004922600010104361
0.00024129600024025422
0.00004772000011143973
0.00006702600012431503
0.00050390699971103459
0.00005044699992140522
0.00023536599974249839
0.00004807699997400050
0.00023327500002778834
0.00004633000025933143
0.00006698100014546071
0.00031374899981528870
0.00004846100000577280
0.00050403599971104995
0.00004697300028055906
0.00050143099997512763
0.00004944500005876762
0.00006758300014553242
0.00050523600020824233
0.00004942699979437748
0.00049997899986919947
0.00005218400019657565
0.00049779100027080858
0.00004736700020657736
0.00006632999975408893
0.00011810900014097570
0.00004836200014324277
0.00006994900013523875
0.00025577599990356248
0.00005093000027045491
0.00006799499988119351
0.00016734800010453910
[8] forward pass time :  0.006901723999817477
0.00021361000017350307
0.00005447100011224393
0.00027979800006505684
0.00004942199984725448
0.00005645800001730095
0.00014654899996457971
0.00002616500023577828
0.00019626999983302085
0.00002550499993958510
0.00003442199977143900
0.00045964200035086833
0.00002385299967500032
0.00019411599987506634
0.00002194199987570755
0.00019118199998047203
0.00002086899985442869
0.00003157500032102689
0.00027125099995828350
0.00002275599990753108
0.00046002199997019488
0.00002142799985449528
0.00045724699975835392
0.00002123500007655821
0.00003117799997198745
0.00046119700027702493
0.00002381300009801635
0.00045906100012871320
0.00002139099979103776
0.00045705899992753984
0.00002140200012945570
0.00003055200022572535
0.00007615200001964695
0.00002239500008727191
0.00003418500000407221
0.00019857699999192846
0.00002116599989676615
0.00002793800013023429
0.00012609699979293509
[9] forward pass time :  0.005432291000033729
0.00028183599988551578
0.00007141400010368670
0.00032439500000691623
0.00006691399994451785
0.00008408700023210258
0.00019273399993835483
0.00004946199987898581
0.00023868100015533855
0.00004801600016435259
0.00006773999984943657
0.00050474099998609745
0.00005181899996387074
0.00023643000031370320
0.00004857100020672078
0.00023275700004887767
0.00004640699989977293
0.00006684400023004855
0.00031397200018545846
0.00004922600010104361
0.00050103399962608819
0.00004900300018562120
0.00050298800033488078
0.00004786399995282409
0.00006686500000796514
0.00050364699973215465
0.00002579399961177842
0.00046012100028747227
0.00002207499983342132
0.00045649899993804866
0.00002159299992854358
0.00003147799998259870
0.00007852599992475007
0.00002229499978056992
0.00003352900012032478
0.00019751299987547100
0.00002077199997074786
0.00002753100034169620
0.00012588899971888168
[10] forward pass time :  0.006408644999737589
0.00027764200012825313
0.00007149800012484775
0.00032449900027131662
0.00006518300006064237
0.00008174200002031284
0.00019175700026607956
0.00005071200030215550
0.00023918500028230483
0.00004933800028084079
0.00006782099990232382
0.00050615500003914349
0.00004935199967803783
0.00023624999994353857
0.00004831900014323764
0.00023349499997493695
0.00004752499989990611
0.00007672299989280873
0.00031837699998504831
0.00005078499998489860
0.00050713900009213830
0.00004895999973086873
0.00050214600014442112
0.00004824200004804879
0.00006863399994472275
0.00050414399993314873
0.00004929500028083567
0.00050259799991181353
0.00004838599988943315
0.00049366899975211709
0.00004684400028054370
0.00006786899984945194
0.00012127400032113655
0.00004816000000573695
0.00007136300018828479
0.00024070699964795494
0.00004668900010074140
0.00007080200020936900
0.00016825600005176966
[11] forward pass time :  0.006952445000024454
0.00021402300035333610
0.00005447500006994233
0.00028044800001225667
0.00004954299993187306
0.00005673799978467287
0.00014772099984838860
0.00002671800029929727
0.00019572900009734440
0.00002490500037310994
0.00003407099984542583
0.00046545000031983363
0.00002372499966440955
0.00019396300012886059
0.00002194499984398135
0.00019155099971612799
0.00002157000017177779
0.00003167100021528313
0.00027147999981025350
0.00002282500008732313
0.00045799600002283114
0.00002362800023547607
0.00046202000021366985
0.00002166400008718483
0.00003206699966540327
0.00046028499991734861
0.00002259399980175658
0.00045928500003356021
0.00002128500000253553
0.00045708999959970242
0.00002118399970640894
0.00003058099991903873
0.00007776900019962341
0.00002188400003433344
0.00003418200003579841
0.00019721700027730549
0.00002132600002369145
0.00002814700019371230
0.00012521999997261446
[12] forward pass time :  0.005445363000035286
0.00028674800023509306
0.00008190500011551194
0.00032741700033511734
0.00006550700027219136
0.00008146400023179012
0.00019139400001222384
0.00004900199974144925
0.00023761600004945649
0.00004880500000581378
0.00006766299975424772
0.00050430400006007403
0.00005125300003783195
0.00023585200005982188
0.00004856499981542584
0.00023244500016517122
0.00004697799977293471
0.00006989500025156303
0.00031571999988955213
0.00004885500038653845
0.00050160599994342192
0.00004742600003737607
0.00050019900027109543
0.00004838399991058395
0.00006646800011367304
0.00052841499973510508
0.00005987100030324655
0.00045991000024514506
0.00002191200019296957
0.00045854900008635013
0.00002204300017183414
0.00003227799970773049
0.00007693899988225894
0.00002162000009775511
0.00003372799983480945
0.00019734900024559465
0.00002078599982269225
0.00002796900025714422
0.00012551600002552732
[13] forward pass time :  0.0064737530001366395
0.00026788300010593957
0.00007119500014596269
0.00031581800021740492
0.00006509600007120753
0.00008148599999913131
0.00017980700022235396
0.00004930100021738326
0.00020964900022590882
0.00004867699999522301
0.00006731099983880995
0.00041982199991252855
0.00005163800005902885
0.00020036299974890426
0.00004821600032300921
0.00019820899979094975
0.00004739299993161694
0.00006722900025124545
0.00026391699975647498
0.00004897500002698507
0.00041414699990127701
0.00004777899994223844
0.00041298099995401572
0.00005081000017526094
0.00006656200002908008
0.00041783699998632073
0.00004899399982605246
0.00041318900002806913
0.00004766800020661321
0.00041305500008093077
0.00004644999989977805
0.00006565200010300032
0.00011369100002411869
0.00004852900019614026
0.00007079399983922485
0.00021694799988836166
0.00004676299977290910
0.00006270399990171427
0.00014192800017553964
[14] forward pass time :  0.006152399999791669
0.00029349900023589726
0.00007471400022041053
0.00031982900009097648
0.00005015800024921191
0.00005728200039811782
0.00013637200027005747
0.00002402500012976816
0.00016910400017877691
0.00002298500021424843
0.00003207100007784902
0.00037647499993909150
0.00002681999967535376
0.00016148299982887693
0.00002232599990747985
0.00015742000005047885
0.00002171799997086055
0.00003298799992990098
0.00022222199959287536
0.00002388699977018405
0.00037572900009763543
0.00002202499990744400
0.00037249399974825792
0.00002167299999200623
0.00003183399985573487
0.00037463199987541884
0.00002403700000286335
0.00037424599986479734
0.00002219699990746449
0.00037421600018205936
0.00002364800002396805
0.00003324399995108251
0.00007466700026270701
0.00002212899971709703
0.00003491799998300849
0.00017506000040157232
0.00002126099980159779
0.00002854800004570279
0.00010315899999113753
[15] forward pass time :  0.004925429000195436
0.00027427799977886025
0.00007116300002962817
0.00031165600012172945
0.00006388900010279031
0.00008061000016823527
0.00017599600005269167
0.00004729700003736070
0.00020595500018316670
0.00004607600021699909
0.00006451099989135400
0.00041502299973217305
0.00004840299970965134
0.00019821900013994309
0.00004619599985744571
0.00019418400006543379
0.00004406000016388134
0.00006459399992309045
0.00025907000008373871
0.00004625700012184097
0.00041114499981631525
0.00004466899963517790
0.00040929899978436879
0.00004686200009018648
0.00006408800027202233
0.00041566800018699723
0.00004916299985779915
0.00041275900002801791
0.00004627500038623111
0.00040803699994285125
0.00004524699988905923
0.00006475999998656334
0.00011217100018257042
0.00004660900003727875
0.00006758700010323082
0.00021348000018406310
0.00004477599986785208
0.00005843399958394002
0.00014029600015419419
[16] forward pass time :  0.006051037999895925
0.00020966200008842861
0.00005617399983748328
0.00028323199967417167
0.00005000399960408686
0.00005658600002789171
0.00013582500014308607
0.00002413900028841454
0.00017006999996738159
0.00002298399977007648
0.00003315699996164767
0.00037637100012943847
0.00002539999968576012
0.00016057599987107096
0.00002309699993929826
0.00015722500029369257
0.00002164399984394549
0.00003291400025773328
0.00022209300004760735
0.00002369899993936997
0.00037431200007631560
0.00002409800026725861
0.00037458699989656452
0.00002225499974883860
0.00003237500004615868
0.00037784000005558482
0.00002356699997108080
0.00037379800005510333
0.00002240999992864090
0.00037427600000228267
0.00002166000012948643
0.00004176699985691812
0.00007752600004096166
0.00002362700024605147
0.00003569999989849748
0.00017645199977778248
0.00002134499982275884
0.00002920699989772402
0.00010424099991723779
[17] forward pass time :  0.004791961000137235
0.00027515099964148249
0.00007394300018859212
0.00032068799964690697
0.00006507999978566659
0.00008334299991474836
0.00018188900003224262
0.00005021399965698947
0.00021148599989828654
0.00004847599984714179
0.00006909700005053310
0.00042241599976478028
0.00005171200018594391
0.00020144299969615531
0.00004863499998464249
0.00020008199999210774
0.00004712000009021722
0.00006948000009288080
0.00026489699985177140
0.00004924099994241260
0.00041770999996515457
0.00004794400001628674
0.00041503700003886479
0.00004844600016440381
0.00006768899993403465
0.00042182000015600352
0.00005621799982691300
0.00042228299980706652
0.00002311899970663944
0.00037228099972708151
0.00002209600006608525
0.00003308999976070481
0.00007407000020975829
0.00002278099964314606
0.00003534300003593671
0.00017543700005262508
0.00002115699999194476
0.00002855799993994879
0.00010441499989610747
[18] forward pass time :  0.005789844999981142
0.00021049099996162113
0.00005649699960486032
0.00028576999966389849
0.00005242699990049005
0.00008264699999926961
0.00018880299967349856
0.00005135199990036199
0.00021232700009932159
0.00004878500021732179
0.00006851399984952877
0.00041824099980658502
0.00005077300011180341
0.00020278600004530745
0.00004826400027013733
0.00020091600026717060
0.00004915299996355316
0.00006876499992358731
0.00026534200014793896
0.00004971299995304435
0.00041268799986937665
0.00004798700001629186
0.00041415399982724921
0.00004711700012194342
0.00006822199975431431
0.00041596199980631354
0.00004945600039718556
0.00041653499965832452
0.00005052100004832027
0.00041602700002840720
0.00004754900010084384
0.00006697100025121472
0.00011667600028886227
0.00004889900037596817
0.00007180199963841005
0.00021800699960294878
0.00004642400017473847
0.00006268500010264688
0.00014482599999610102
[19] forward pass time :  0.0060503109998535365
0.00027513099985299050
0.00007312100024137180
0.00031663499976275489
0.00009148699973593466
0.00008545699984097155
0.00017570599993632641
0.00002485200002411148
0.00016999400031636469
0.00002372100016145851
0.00003397899990886799
0.00037639600031980081
0.00002510500007701921
0.00016027600031520706
0.00002286100016135606
0.00016069299999799114
0.00002275999986522947
0.00003284000013081823
0.00022255700014284230
0.00002445399968564743
0.00037529199971686467
0.00002288500036229379
0.00037116899966349592
0.00002251399973829393
0.00003237500004615868
0.00037811399988640915
0.00002445400014039478
0.00037531099997067940
0.00002708600004552864
0.00037253700020301039
0.00002254099990750547
0.00003423399994062493
0.00007650699990335852
0.00002299100015079603
0.00003566999976101215
0.00017617599996810895
0.00002247799966426101
0.00003044499999305117
0.00010625400000208174
[20] forward pass time :  0.005038139000134834
0.00027799500003311550
0.00007436400028382195
0.00031937199992171372
0.00006682299999738461
0.00008397200008403161
0.00018331499995838385
0.00005085099974166951
0.00021537799966608873
0.00004915400040772511
0.00006993299984969781
0.00042197100037810742
0.00005157700024938094
0.00020177199985482730
0.00004876299999523326
0.00019879599994965247
0.00004782700034411391
0.00006878400017740205
0.00026424199995744857
0.00004999599968869006
0.00041567300013412023
0.00004776100013259565
0.00041287300018666429
0.00004842899988943827
0.00006815799997639260
0.00043156799983989913
0.00005051199968875153
0.00041726600011315895
0.00004784000020663370
0.00041099700001723249
0.00004918600006931229
0.00006858899996586842
0.00011807300006694277
0.00004908300024908385
0.00007193999999799416
0.00022019299967723782
0.00004709699987870408
0.00006247200008147047
0.00014401699991140049
[21] forward pass time :  0.006238058999770146
0.00021699799981433898
0.00005693299999620649
0.00028581400010807556
0.00005033599973103264
0.00005899799998587696
0.00013830899979438982
0.00002523100010876078
0.00017082299973480985
0.00002386799997111666
0.00003329799983475823
0.00037832399993931176
0.00002590099984445260
0.00016319700034728157
0.00002508600027795183
0.00016119899964905926
0.00002250099987577414
0.00003410999988773256
0.00022226099963518209
0.00002346999963265262
0.00037538600008701906
0.00002368000014030258
0.00037435600006574532
0.00002334800001335680
0.00003422600002522813
0.00038026399988666526
0.00002419600014036405
0.00037516800011871965
0.00002264800014017965
0.00037391500018202350
0.00002207899979111971
0.00003475099993011099
0.00007709600004091044
0.00002327299989701714
0.00003661500022644759
0.00017755199996827287
0.00002162100008717971
0.00002874399979191367
0.00010500100006538560
[22] forward pass time :  0.004804405999948358
0.00027704699959940626
0.00007338199975492898
0.00031836200014367932
0.00006616099972234224
0.00008387900015804917
0.00018327399993722793
0.00005190899992157938
0.00021112800004630117
0.00004976200034434441
0.00006996599995545694
0.00042139000015595229
0.00005285199995341827
0.00020378399995024665
0.00004849499964620918
0.00020091199985472485
0.00004785300006915350
0.00006911299988132669
0.00026749900007416727
0.00005397499990067445
0.00040262599986817804
0.00002332600024601561
0.00037296599975888967
0.00002258399990751059
0.00003401200001462712
0.00037713200026701088
0.00002493800002412172
0.00037315000008675270
0.00002277200019307202
0.00037520000023505418
0.00002273500012961449
0.00003324999988763011
0.00007689699987167842
0.00002402199970674701
0.00003699100034282310
0.00017840800001067691
0.00002181299987569219
0.00002924700038420269
0.00010611900006551878
[23] forward pass time :  0.005537301000003936
0.00030054899980314076
0.00007699300022068201
0.00032329399982700124
0.00006788700011384208
0.00008745700006329571
0.00019077600018135854
0.00005379000003813417
0.00021893099983572029
0.00005211100005908520
0.00007411800015688641
0.00042700500034698052
0.00005468199969982379
0.00020719499980259570
0.00005217100033405586
0.00020477099997151527
0.00005063200023869285
0.00007383000001937035
0.00027953200014962931
0.00005453400035548839
0.00042358099972261698
0.00005225499990046956
0.00042259700012436952
0.00005196300026000245
0.00007318999996641651
0.00042466800005058758
0.00005308700019668322
0.00042160900011367630
0.00005175399974177708
0.00041661299974293797
0.00005139299992151791
0.00007288300002983306
0.00012262900008863653
0.00005313200017553754
0.00007773200013616588
0.00022388199977285694
0.00005040299993197550
0.00006739100035701995
0.00014972100007071276
[24] forward pass time :  0.006439636000322935
0.00031277800007956102
0.00007923700013634516
0.00033427900007154676
0.00007029300013527973
0.00009194900030706776
0.00019726799973796005
0.00005777399974249420
0.00022511399993163650
0.00005569400036620209
0.00007830799995645066
0.00043288599999868893
0.00005839499999638065
0.00021453799990922562
0.00005564499997490202
0.00021259899995129672
0.00005445300030260114
0.00007858000026317313
0.00027546499995878548
0.00005993600007059285
0.00043035999988205731
0.00005921699994360097
0.00042921299973386340
0.00005865100001756218
0.00007914199977676617
0.00043519900009414414
0.00005798300026071956
0.00042575399993438623
0.00005588000021816697
0.00042389700001876918
0.00005401699991125497
0.00007677499979763525
0.00013181799977246555
0.00005631700014419039
0.00008242700005212100
0.00022997899986876291
0.00005300900011206977
0.00007135399982871604
0.00015536199998678057
[25] forward pass time :  0.006664318999810348
0.00021984400018482120
0.00005793299987999490
0.00027820700006486732
0.00005046800015406916
0.00005952600031378097
0.00013884400004826603
0.00002631999996083323
0.00017235399991477607
0.00002461100029904628
0.00003579399981390452
0.00037991499993950129
0.00002646499979164219
0.00016271699996650568
0.00002359400014029234
0.00015959500024109730
0.00002298700019309763
0.00003405200004635844
0.00022373899992089719
0.00002476300005582743
0.00037547600004472770
0.00002459799998177914
0.00037525400011872989
0.00002329500011910568
0.00003325699981360231
0.00038038599996070843
0.00002644399955897825
0.00074900399977195775
0.00013973399973110645
0.00051332700013517751
0.00009801999976843945
0.00016556600030526170
0.00024357899974347674
0.00009938800030795392
0.00015435200020874618
0.00030075500035309233
0.00009227800001099240
0.00012435100006769062
0.00022283999987848802
[26] forward pass time :  0.006926388000010775
0.00027145900003233692
0.00006853100012449431
0.00030365800012077671
0.00006248499994399026
0.00007716799973422894
0.00016971300010482082
0.00004172099988863920
0.00019779500007643946
0.00004097300006833393
0.00005771099995399709
0.00041226799976357142
0.00004325999998400221
0.00018816300007529208
0.00004027700015285518
0.00018381500012765173
0.00003887599996232893
0.00005768200026068371
0.00024942300024122233
0.00004123299959246651
0.00040316100012205425
0.00003920600011042552
0.00039865500002633780
0.00003963099970860640
0.00005626999973173952
0.00040140600003724103
0.00004231699995216331
0.00039863100028014742
0.00005046500018579536
0.00039837899976191693
0.00003930000002583256
0.00005527800021809526
0.00010396099969511852
0.00004066399969815393
0.00005891899991183891
0.00020477199996093987
0.00003828699982477701
0.00005019799982619588
0.00013122600012138719
[27] forward pass time :  0.005756043000019417
0.00025686600019980688
0.00006769099991288385
0.00030075599988776958
0.00006127799997557304
0.00007484100024157669
0.00016796399995655520
0.00004177799974058871
0.00019556400002329610
0.00004001700017397525
0.00005632700003843638
0.00040456000033373130
0.00004375700018499629
0.00018933399996967637
0.00004086099988853675
0.00019409800006542355
0.00004056299985677470
0.00005758400038757827
0.00025279300007241545
0.00004120600033274968
0.00040158100000553532
0.00003903600008925423
0.00039903199967739056
0.00003981000008934643
0.00005520800004887860
0.00040322899985767435
0.00004072199999427539
0.00039729199988869368
0.00004002900004707044
0.00039446999971914920
0.00003840599993054639
0.00005521399998542620
0.00010306600006515509
0.00003941000022678054
0.00005923300022914191
0.00020602599988706061
0.00003998500005764072
0.00005134799994266359
0.00013270299996293033
[28] forward pass time :  0.005718322000120679
0.00029128300002412288
0.00006852800015622051
0.00030182199998307624
0.00006067599997550133
0.00007460200004061335
0.00016658300000926829
0.00004134999971938669
0.00019504700003381004
0.00003991900030086981
0.00005680100002791733
0.00040712500003792229
0.00004359900003692019
0.00018796099993778626
0.00003933700008929009
0.00018486299995856825
0.00003866999986712472
0.00005630399982692325
0.00025004200006151223
0.00004100300020581926
0.00039951700000528945
0.00003893400025845040
0.00039624400005777716
0.00003929000013158657
0.00006684699974357500
0.00040388700017501833
0.00004138700023759156
0.00039857900037532090
0.00003951600001528277
0.00039790299979358679
0.00003949499978261883
0.00005521299999600160
0.00010284699965268373
0.00004023700012112386
0.00005906599972149706
0.00020500299979175907
0.00003912900001523667
0.00005125400002725655
0.00013127200008966611
[29] forward pass time :  0.0057489959999657
0.00028611800007638521
0.00007849299981899094
0.00030475600033241790
0.00006185400025060517
0.00008409500014749938
0.00017347399989375845
0.00004298700014260248
0.00019672100006573601
0.00004081699989910703
0.00005756500013376353
0.00041652800018709968
0.00004480600000533741
0.00018922500021290034
0.00004098999988855212
0.00018620099990585004
0.00003937900009987061
0.00005642299993269262
0.00024847800023053424
0.00004140099963478860
0.00039705900007902528
0.00003985700004704995
0.00040835900017555105
0.00004136300003665383
0.00005657799965774757
0.00040113900013238890
0.00004262700031176792
0.00039842899968789425
0.00003980900009992183
0.00039658500008954434
0.00003956099999413709
0.00005585500002780464
0.00011528000004545902
0.00004090499987796647
0.00007007200019870652
0.00021352199973989627
0.00003939699990951340
0.00005237899995336193
0.00013415300009000930
[30] forward pass time :  0.005826946000070166
0.00028052299967384897
0.00007497800015698886
0.00032102200020744931
0.00006709099989166134
0.00008498099987264141
0.00021456500007843715
0.00005542799999602721
0.00021659699996234849
0.00005186599992157426
0.00007286900017788867
0.00040502499996364349
0.00004200600005788147
0.00018692899993766332
0.00003980899964517448
0.00018469899987394456
0.00003893600023729960
0.00005605900014415965
0.00024937899979704525
0.00004095900021638954
0.00039973299999473966
0.00003911799967681873
0.00039649099971938995
0.00003908600001523155
0.00005633399996440858
0.00040187100012190058
0.00004024600002594525
0.00039884599982542568
0.00003971799969804124
0.00039794899976186571
0.00004185300031167571
0.00005626500023936387
0.00010375300007581245
0.00003994999997303239
0.00005919799968978623
0.00020670899994001957
0.00003996499981440138
0.00005136299978403258
0.00013093600000502192
[31] forward pass time :  0.005893193999781943
0.00028081099981136504
0.00007536299972343841
0.00031917600017550285
0.00006771000016669859
0.00008378400025321753
0.00018531600017013261
0.00005253400013316423
0.00021211900002526818
0.00005096999984743888
0.00007136500016713399
0.00042290100009267917
0.00005411599977378501
0.00020411400009834324
0.00005056600002717460
0.00020057900019310182
0.00004858800002693897
0.00007134699990274385
0.00026629500007402385
0.00005165499987924704
0.00041611899996496504
0.00004984299994248431
0.00041555500001777546
0.00004908599976261030
0.00010090700016007759
0.00042940599996654782
0.00004328300019551534
0.00039834900007917895
0.00004082900022694957
0.00039550599967697053
0.00003963100016335375
0.00005600600024990854
0.00010301600013917778
0.00003986900037489249
0.00005854000028193695
0.00020479300019360380
0.00003847299967674189
0.00005058199985796819
0.00013075300012133084
[32] forward pass time :  0.006116263999956573
0.00031043099988892209
0.00007906499968157732
0.00032916100008151261
0.00007077499958541011
0.00009230200021193014
0.00019999799997094669
0.00005918299984841724
0.00022233499976209714
0.00005745699991166475
0.00007860499999878812
0.00043327299999873503
0.00005915199972150731
0.00021443099967655144
0.00005549500019697007
0.00020976999985578004
0.00005429400016510044
0.00007817100004103850
0.00027772000021286658
0.00005729399981646566
0.00042758500012496370
0.00005546100010178634
0.00045267500036061392
0.00006686999995508813
0.00005816200018671225
0.00040704399998503504
0.00004130600018470432
0.00040059200000541750
0.00003944999980376451
0.00039979900020625792
0.00003838599968730705
0.00005572200007009087
0.00010373099985372392
0.00003986199999417295
0.00005907500008106581
0.00020570100014083437
0.00003817000015260419
0.00005088500029160059
0.00013116199988871813
[33] forward pass time :  0.0063229389998014085
0.00031024400004753261
0.00008149999985107570
0.00033601999984966824
0.00007075600024109008
0.00009185499993691337
0.00019922699993912829
0.00005821099966851762
0.00022455699991041911
0.00005665900016538217
0.00007963999996718485
0.00043403700010458124
0.00005987399981677299
0.00021476799975062022
0.00005738500021834625
0.00021575799974016263
0.00005587700024989317
0.00008103700020001270
0.00027794900006483658
0.00005792299998574890
0.00042841999993470381
0.00005590299997493275
0.00042447400028322591
0.00005558900011237711
0.00007751399971311912
0.00042920399982904200
0.00006426299978556926
0.00043096600029457477
0.00004024100007882225
0.00039989700007936335
0.00003868500016324106
0.00005650299999615527
0.00010368099992774660
0.00004035200026919483
0.00005907000013394281
0.00020393800014062435
0.00003861499999402440
0.00005079200036561815
0.00013069400029053213
[34] forward pass time :  0.006417281999802071
0.00028995800039410824
0.00007787399999870104
0.00032588200019745273
0.00006872300036775414
0.00008631799983049859
0.00019330500026626396
0.00005467000028147595
0.00021827399996254826
0.00006568400021933485
0.00007751900011498947
0.00042944699998770375
0.00005646799991154694
0.00020942300034221262
0.00005343500015442260
0.00020511200000328245
0.00005123299979459262
0.00007681500028411392
0.00027046800005336991
0.00005451200013339985
0.00042128299992327811
0.00005182399991099373
0.00041938599997592974
0.00006766599972252152
0.00008086600018941681
0.00043612299987216829
0.00005611100004898617
0.00042140599998674588
0.00005339199969967012
0.00041650999992270954
0.00004480099960346706
0.00005813400002807612
0.00010503900011826772
0.00004003999993074103
0.00005889099975320278
0.00020498999992923927
0.00003834300014204928
0.00005143599992152303
0.00013134999971953221
[35] forward pass time :  0.0063822609999988344
0.00029141499999241205
0.00007704400013608392
0.00032585100007054280
0.00006828100003986037
0.00008693600011611125
0.00019200199994884315
0.00005539599987969268
0.00021850099983566906
0.00005271899999570451
0.00007522200030507520
0.00042711900005087955
0.00005470299993248773
0.00020764600003531086
0.00005271600002743071
0.00020644699998229044
0.00005132900014359620
0.00007600199978696764
0.00027019099979952443
0.00005404900002758950
0.00042460200029381667
0.00005371399993236992
0.00041882200002874015
0.00005287100020723301
0.00007411700016746181
0.00042449299962754594
0.00005451999959404930
0.00041884800020852708
0.00005205099978411454
0.00041704400018716115
0.00005148500031282310
0.00007322800001929863
0.00012667300006796722
0.00005317000022841967
0.00007783499995639431
0.00022523100005855667
0.00005045299985795282
0.00006701300026179524
0.00015175099997577490
[36] forward pass time :  0.006464136999966286
0.00028832999987571384
0.00007718000006207149
0.00032418600039818557
0.00006884899994474836
0.00008800100022199331
0.00019375300007595797
0.00005461199998535449
0.00021919100026934757
0.00005395700009103166
0.00007621099985044566
0.00042783200024132384
0.00005598500001724460
0.00020940799959134893
0.00005247699982646736
0.00020533799988697865
0.00005113999986861018
0.00007497900014641345
0.00026916700016954564
0.00005478100001710118
0.00042288899976483663
0.00005237200002738973
0.00041837799972199718
0.00005183199982639053
0.00007325700016735937
0.00042351899992354447
0.00005493099979503313
0.00042056599977513542
0.00005342699978427845
0.00041998899996542605
0.00005508000003828784
0.00007442299965987331
0.00012678600023718900
0.00005339200015441747
0.00007786000014675665
0.00022675299987895414
0.00005094000016470090
0.00006824399997640285
0.00015155299979596748
[37] forward pass time :  0.006459454000378173
0.00025687099969218252
0.00006809200021962170
0.00030191699988790788
0.00006077399984860676
0.00007365800001934986
0.00016592700012552086
0.00004244900037519983
0.00019613200038293144
0.00004011400005765609
0.00005571900010181707
0.00041716800024005352
0.00004386000000522472
0.00018745499983197078
0.00004007600000477396
0.00018397999974695267
0.00003884799980369280
0.00005672099996445468
0.00024903199982873048
0.00004103399987798184
0.00040020100004767301
0.00003966499980379012
0.00039461999995182850
0.00004006700009995257
0.00005544400028156815
0.00040181700023822486
0.00004128199998376658
0.00039759699984642793
0.00003852700001516496
0.00039597399972990388
0.00003842900014205952
0.00005421100013336400
0.00010259300006509875
0.00003930399998353096
0.00005915699966863031
0.00020488000018303865
0.00004040800013171975
0.00005239600022832747
0.00013275999981487985
[38] forward pass time :  0.005698485999801051
0.00025639500017859973
0.00006904499969095923
0.00029987099969730480
0.00006103299983806210
0.00007444999982908485
0.00016555799993511755
0.00004153099962422857
0.00019608700040407712
0.00003871899980367743
0.00005652900017594220
0.00040479600011167349
0.00004215900025883457
0.00018721100013863179
0.00003856099965560134
0.00018349600031797308
0.00004725899998447858
0.00005850999968970427
0.00025141100013570394
0.00004095400026926654
0.00039970400030142628
0.00003930000002583256
0.00040276800018546055
0.00003900800038536545
0.00005522599985852139
0.00040238400015368825
0.00004007699999419856
0.00039682700025878148
0.00003889300023729447
0.00039592499979335116
0.00003871999979310203
0.00005510099981620442
0.00010220400008620345
0.00004104600020582438
0.00005837399976371671
0.00020559799986585858
0.00003815299987763865
0.00005045299985795282
0.00013022500024817418
[39] forward pass time :  0.005690399000286561
0.00025603700032661436
0.00006797900005039992
0.00030051599969738163
0.00006084300002839882
0.00007516100004067994
0.00016740999990361161
0.00004143199976169853
0.00019496499999149819
0.00003979000030085444
0.00005661000022882945
0.00040387399985775119
0.00004240899988872116
0.00018665300012798980
0.00003980700012107263
0.00018401300030745915
0.00003797099998337217
0.00005657399970004917
0.00025012500009324867
0.00004073099989909679
0.00040022799976213719
0.00003900500041709165
0.00039725099986753776
0.00003889400022671907
0.00006474800011346815
0.00040416399997411645
0.00004126900012124679
0.00039639799979340751
0.00003881199972965987
0.00039543299999422743
0.00003921200004697312
0.00005731300007028040
0.00010394800028734608
0.00003995400038547814
0.00005948199986960390
0.00020541799995044130
0.00003802099990934948
0.00005035200001657358
0.00013082799978292314
[40] forward pass time :  0.005692825999631168
0.00028156899998066365
0.00007526599983975757
0.00031756800035509514
0.00006693700015603099
0.00008471499995721388
0.00018907799994849483
0.00005282199981593294
0.00021355799981392920
0.00005048100001658895
0.00007055100013531046
0.00045437700009642867
0.00004519799995250651
0.00018777300010697218
0.00004066200017405208
0.00018459800003256532
0.00003874100002576597
0.00005690600028174231
0.00024811000002955552
0.00003989800006820587
0.00039928100022734725
0.00004019900006824173
0.00040018899971983046
0.00003930000002583256
0.00005562300020756084
0.00040333199967790279
0.00004050400002597598
0.00039611800002603559
0.00003844599996227771
0.00039719799997328664
0.00003751899976123241
0.00005567400012296275
0.00010355399990658043
0.00004020200003651553
0.00005990399995425832
0.00020603000029950636
0.00004000699982498190
0.00005181300002732314
0.00013323900020623114
[41] forward pass time :  0.005905785000322794
0.00027299999965180177
0.00007348000008278177
0.00031380200016428716
0.00006546600025103544
0.00008215500020014588
0.00018213800012745196
0.00004948000014337595
0.00020726899992951076
0.00004809199981536949
0.00006697299977531657
0.00041621099990152288
0.00005262300010144827
0.00020220100032020127
0.00004927899999529473
0.00019887500002369052
0.00004684000032284530
0.00006845299958513351
0.00026209699990431545
0.00004874900014328887
0.00041296700010207132
0.00004722300036519300
0.00041125999996438622
0.00004665999995268066
0.00006620499971177196
0.00041768900018723798
0.00004885199996351730
0.00041035200001715566
0.00004762300022775889
0.00040880200003812206
0.00004706000026999391
0.00006527499999720021
0.00011558999995031627
0.00004878900017502019
0.00009796599988476373
0.00022337099971991847
0.00004877300034422660
0.00006280199977481971
0.00014880199978506425
[42] forward pass time :  0.006178502999773627
0.00031201100000544102
0.00008070000012594392
0.00033239899994441657
0.00007209700015664566
0.00008968399970399332
0.00019724000003407127
0.00005870599989066250
0.00022291400000540307
0.00005583199981629150
0.00008010800002011820
0.00043679100008375826
0.00006096900006014039
0.00021469699959197897
0.00006877599980725790
0.00021609800023725256
0.00005607299999610404
0.00008133000028465176
0.00027926099983233144
0.00005705700004909886
0.00042793600005097687
0.00005565799983742181
0.00042630799998732982
0.00005579299977398477
0.00007828200023141108
0.00042822400018849294
0.00005670799964718753
0.00042445999997653416
0.00005599099995379220
0.00041985100006058929
0.00005557799977395916
0.00007746000028419076
0.00013175899994166684
0.00005647999978464213
0.00008144599996739998
0.00023094000016499194
0.00008376200003112899
0.00007791999996697996
0.00016605200016783783
[43] forward pass time :  0.006705979999878764
0.00030875099992044852
0.00008023100008358597
0.00032953599975371617
0.00007051900001897593
0.00009216299986292142
0.00019822200010821689
0.00005850199977430748
0.00022493400001621922
0.00005676499995388440
0.00007822399993528961
0.00043347700011509005
0.00005899999996472616
0.00021837399981450289
0.00005587200030277018
0.00021001000004616799
0.00005483099994307850
0.00007945100014694617
0.00028809100012949784
0.00007198399998742389
0.00044161499999972875
0.00005893700017622905
0.00043016800009354483
0.00005778800004918594
0.00008093699989331071
0.00043014899983973010
0.00005822000002808636
0.00042869200024142629
0.00005742800021835137
0.00042303300006096833
0.00005567600010181195
0.00007856699994590599
0.00013271099987832713
0.00005679900004906813
0.00008336000018971390
0.00023164399999586749
0.00005534600040846271
0.00007190399992396124
0.00015668300011384417
[44] forward pass time :  0.006766992999928334
0.00029921200030003092
0.00007719799987171427
0.00032430800001748139
0.00006861700012450456
0.00008850700032780878
0.00019354899995960295
0.00005404500006989110
0.00021902299977227813
0.00005300700013322057
0.00007446900008289958
0.00042875700000877259
0.00005602999999609892
0.00020864700036327122
0.00005302999988998636
0.00020472899996093474
0.00005196300026000245
0.00007549399970230297
0.00027075900015915977
0.00005382400013331790
0.00042028799998661270
0.00005187000033402001
0.00041969699987021158
0.00005144599981576903
0.00007323299996642163
0.00043849999974554521
0.00005529000009119045
0.00042092100011359435
0.00005277700029182597
0.00041867399977491004
0.00005172000010134070
0.00007411300020976341
0.00012447500012058299
0.00005310999995344901
0.00007790400013618637
0.00022685899966745637
0.00005063499975221930
0.00006755000003977329
0.00015072099995450117
[45] forward pass time :  0.006465069000114454
0.00025711700027386541
0.00007688899995628162
0.00030331700008900953
0.00006146899977466092
0.00007515100014643394
0.00016889000016817590
0.00004097400005775853
0.00019671900008688681
0.00003899600005752291
0.00005649400009133387
0.00040637600022819242
0.00004265000006853370
0.00018631099965205067
0.00003894199971909984
0.00018324399979974260
0.00003828400031125057
0.00005593599962594453
0.00024879400007193908
0.00004028200009997818
0.00039885599971967167
0.00003858900026898482
0.00039824399982535397
0.00003839900000457419
0.00005527399980564951
0.00040363199968851404
0.00003996199984612758
0.00039771499996277271
0.00004108500024813111
0.00039793300038581947
0.00003908300004695775
0.00005599800033451174
0.00010385099994891789
0.00003973599996243138
0.00005927499978497508
0.00020385999960126355
0.00003829000024779816
0.00005132799969942425
0.00013149400001566391
[46] forward pass time :  0.005694984999990993
0.00025624099998822203
0.00006781599995520082
0.00030297400007839315
0.00006080599996494129
0.00007435299994540401
0.00016482000000905828
0.00004172399985691300
0.00019730399981199298
0.00004003200001534424
0.00005644300017593196
0.00040505000015400583
0.00004276299978300813
0.00018893599963121233
0.00003936299981432967
0.00018541700001151185
0.00003888799983542413
0.00005594200001723948
0.00024762499970165663
0.00004170700003669481
0.00040053600014289259
0.00004228100033287774
0.00040138600024874904
0.00003965399992011953
0.00005727600000682287
0.00040234199968836037
0.00004095700023754034
0.00039757099966664100
0.00003917500043826294
0.00039390099982483662
0.00003805699998338241
0.00005440299992187647
0.00010319399962099851
0.00003997099975094898
0.00005830499958392465
0.00020458499966480304
0.00003839700002572499
0.00004995299968868494
0.00013399599993135780
[47] forward pass time :  0.005696920999980648
0.00028390800025590579
0.00007494400006180513
0.00032102900013342150
0.00006680099977529608
0.00008524800023224088
0.00018586999976832885
0.00005184699966775952
0.00021694099996238947
0.00004298299973015673
0.00005854900018675835
0.00040790999992168508
0.00004245999980412307
0.00018673100021260325
0.00004001600018455065
0.00018378499999016640
0.00003881800012095482
0.00005671799999618088
0.00025114599975495366
0.00004185699981462676
0.00040242799968837062
0.00003941600016332814
0.00039528699971924652
0.00003929200011043577
0.00005541900009120582
0.00040028399962466210
0.00004048400023748400
0.00039882099963506334
0.00003870399996230844
0.00039782500016372069
0.00003807200027949875
0.00005533300009119557
0.00011051899991798564
0.00004154999987804331
0.00005957799976386013
0.00020556599974952405
0.00003858699983538827
0.00004951499977323692
0.00013035200026934035
[48] forward pass time :  0.00584110799991322
0.00027553799964152859
0.00007399500009341864
0.00031818799971006229
0.00006552600007125875
0.00008236500025304849
0.00018066600023303181
0.00004889800038654357
0.00020901399966533063
0.00004744199986816966
0.00006695599995509838
0.00042817299981834367
0.00005310500000632601
0.00020281099978092243
0.00004692900029112934
0.00019692700016094022
0.00004637300025933655
0.00006743499989170232
0.00026053300007333746
0.00004818500019609928
0.00041276599995399010
0.00004673100011132192
0.00041250100002798717
0.00004617199965650798
0.00006526000015583122
0.00041260400030296296
0.00004827200018553413
0.00041401499993298785
0.00004793799962499179
0.00040851499989003059
0.00004700599993157084
0.00006691499993394245
0.00011574600011954317
0.00008599399961894960
0.00006114500001785927
0.00020883700017293449
0.00003950200016333838
0.00005139799986864091
0.00013184499994167709
[49] forward pass time :  0.006132444999821018
0.00031085000000530272
0.00007989899995664018
0.00033274699990215595
0.00007054700017761206
0.00009109999973588856
0.00019966900026702206
0.00005727100005969987
0.00022304100002656924
0.00005604900024991366
0.00008033099993554060
0.00043721099973481614
0.00006500000017695129
0.00022172399985720403
0.00005696800008081482
0.00021296099976098049
0.00005458399982671835
0.00008359100002053310
0.00027766599987444351
0.00005735700005971012
0.00042616800010364386
0.00005609700019704178
0.00042260899999746471
0.00005561999978453969
0.00007845699974495801
0.00042713799984994694
0.00005680699996446492
0.00042217399959554314
0.00005597400013357401
0.00042165899958490627
0.00005566000027101836
0.00007772300023134449
0.00015994899968063692
0.00006995700005063554
0.00006108599973231321
0.00020924499995089718
0.00003888899982484872
0.00005061799993200111
0.00013241800024843542
[50] forward pass time :  0.006585403999906703
0.00031251900009010569
0.00007924299961814540
0.00033306700015600654
0.00007185200001913472
0.00009076900005311472
0.00019946800011894084
0.00005982499988022028
0.00022304399999484303
0.00005645999999615015
0.00008049899997786270
0.00043748699999923701
0.00006064899980628979
0.00021615599962387932
0.00005650699995385366
0.00021151700002519647
0.00005748200010202709
0.00008111399984045420
0.00027706199989552260
0.00005808000014440040
0.00042795500030479161
0.00005628999997497885
0.00042317399993407889
0.00005587200030277018
0.00007856399997763219
0.00043242799984000158
0.00005727500001739827
0.00042650800014598644
0.00005594399999608868
0.00042284300025130506
0.00005648000023938948
0.00007771200034767389
0.00013154599992049043
0.00005623100014418014
0.00008266600025308435
0.00023052200003803591
0.00005492199989021174
0.00007197400009317789
0.00019960200006607920
[51] forward pass time :  0.00670506699998441
0.00030975800018495647
0.00008027600006244029
0.00033319600015602191
0.00007087299991326290
0.00009167899997919449
0.00019970099992860924
0.00006066899959478178
0.00022528499994223239
0.00005618799968942767
0.00008017199979803991
0.00043234499980826513
0.00005987699978504679
0.00021314200012056972
0.00005610800008071237
0.00021217700032138964
0.00005461999990075128
0.00008016200035854126
0.00027715299984265584
0.00005738199979532510
0.00042508000024099601
0.00005760399972132291
0.00042844800009333994
0.00005640500012304983
0.00007861699987188331
0.00042966199998772936
0.00005819700027132058
0.00042365399986010743
0.00005620199999611941
0.00042277299962734105
0.00005536500020753010
0.00007722800000919960
0.00013141599993105046
0.00005743100018662517
0.00008344000025317655
0.00023141600013332209
0.00005569699987972854
0.00007207099997685873
0.00015526799961662618
[52] forward pass time :  0.00665866700001061
0.00028860999964308576
0.00007702699986111838
0.00032765200012363493
0.00007027199990261579
0.00008804800017969683
0.00019431600003372296
0.00005525799997485592
0.00021575199980361504
0.00005326400014382671
0.00007479500027329777
0.00042943000016748556
0.00005511400013347156
0.00020936500004609115
0.00005289599994284799
0.00022221599965632777
0.00005516300007002428
0.00007719099994574208
0.00027366199992684415
0.00005488599981617881
0.00042076199997609365
0.00005220100001679384
0.00041737799983820878
0.00005264399987936486
0.00007480199974452262
0.00042461700013518566
0.00006498299990198575
0.00042313299991292297
0.00005390400019678054
0.00041944300028262660
0.00005240899963609991
0.00007387000005110167
0.00012451600014173891
0.00005356500014386256
0.00007761699998809490
0.00022511299994221190
0.00005198700000619283
0.00007169599984990782
0.00015416900032505509
[53] forward pass time :  0.006547534999754134
0.00025647299980846583
0.00006896000013512094
0.00030030000016267877
0.00006121299975347938
0.00007372000027316972
0.00016722600003049592
0.00004157200010013185
0.00019765100023505511
0.00003892400036420440
0.00005657299971062457
0.00040474399975209963
0.00004154499993092031
0.00018706299988480168
0.00003973000002588378
0.00018286199974681949
0.00003786800016314373
0.00005573199996433686
0.00024806100009300280
0.00004024300005767145
0.00040056499983620597
0.00003871499984597904
0.00039735199970891699
0.00003958099978262908
0.00005556699989028857
0.00039873800005807425
0.00004326599992054980
0.00040263900018544518
0.00003978699987783330
0.00040088399964588461
0.00004044100023747887
0.00005567000016526436
0.00010343599979023566
0.00004066799965585233
0.00005914699977438431
0.00020447199995032861
0.00003841600027953973
0.00005065899995315704
0.00013084400006846408
[54] forward pass time :  0.005694147000212979
0.00025655999979790067
0.00006836000011389842
0.00030238499994084123
0.00006047900023986585
0.00007478199995603063
0.00016519300015715999
0.00004092200015293201
0.00019566699984352454
0.00003997400017397013
0.00005634799981635297
0.00040640599991093040
0.00004496100018513971
0.00019083000006503426
0.00004002899959232309
0.00018453900020176661
0.00003839100008917740
0.00005725700020775548
0.00024792800013528904
0.00004047799984618905
0.00040046799995252513
0.00003920999961337657
0.00039774100014255964
0.00003900399997291970
0.00005677199987985659
0.00040168099985748995
0.00004060400033267797
0.00039688199967713444
0.00003933700008929009
0.00039782499970897334
0.00003826800002570963
0.00005528799965759390
0.00010244099985357025
0.00004043899980388233
0.00005863500018676859
0.00020408900036272826
0.00003862999983539339
0.00004991600007997476
0.00014285399993241299
[55] forward pass time :  0.005701666000277328
0.00026070400008393335
0.00006853300010334351
0.00030288100015241071
0.00006167499986986513
0.00007477700000890763
0.00016707199984011822
0.00004137299993089982
0.00019706900002347538
0.00004003200001534424
0.00005613699977402575
0.00040428100010103662
0.00004293100028007757
0.00018652600010682363
0.00003937400015274761
0.00018792499986375333
0.00003930999992007855
0.00005601099974228418
0.00024825099990266608
0.00004038700035380316
0.00040145799994206754
0.00004250599977240199
0.00040183399960369570
0.00003963700009990134
0.00005537200013350230
0.00040209600001617218
0.00004120299990972853
0.00039624500004720176
0.00003894199971909984
0.00039555299963467405
0.00003854600026897970
0.00005456799999592477
0.00010327299969503656
0.00004019300013169413
0.00005956699988018954
0.00020505399970716098
0.00003816800017375499
0.00005035699996369658
0.00013086299986753147
[56] forward pass time :  0.005699515000287647
0.00028197100027682609
0.00007583800015709130
0.00032097399980557384
0.00006759100006092922
0.00008503000026394147
0.00021829000024808920
0.00005469699999594013
0.00021898399972997140
0.00003950100017391378
0.00005671999997503008
0.00040547399976276211
0.00004216499974063481
0.00018738400012807688
0.00004082700024810038
0.00018514599969421397
0.00003889699974024552
0.00005638199991153670
0.00024940899993453058
0.00004078100027982146
0.00040163800031223218
0.00003928300020561437
0.00039822999997340958
0.00003941599970858078
0.00005495799996424466
0.00039938500003700028
0.00004002900004707044
0.00039766600002621999
0.00003894100018442259
0.00039759099990988034
0.00004085399996256456
0.00005598500001724460
0.00010316800035070628
0.00003922599989891751
0.00005835599995407392
0.00020517000029940391
0.00003817500009972719
0.00005138199958309997
0.00013148300013199332
[57] forward pass time :  0.005866851000064344
0.00028263300009712111
0.00007581799991385196
0.00032015599981605192
0.00006775200017727911
0.00008490900017932290
0.00018956199983222177
0.00005212699988987879
0.00021212299998296658
0.00004974200010110508
0.00007080600016706740
0.00042109199966944288
0.00005310000005920301
0.00020330500001364271
0.00004963999981555389
0.00020158600000286242
0.00004888800003755023
0.00007080099976519705
0.00026518200002101366
0.00005194899995331070
0.00041621100035627023
0.00005016299974158756
0.00043993899998895358
0.00006858500000817003
0.00005858700023964047
0.00040718699983699480
0.00004101900003661285
0.00039910600025905296
0.00004007000006822636
0.00039794199983589351
0.00003823899987764889
0.00005500199995367439
0.00010354799997003283
0.00004068299995196867
0.00005861599993295386
0.00020459699999264558
0.00003853999987768475
0.00005146700004843296
0.00013082600025882130
[58] forward pass time :  0.006095273000028101
0.00031312500004787580
0.00007996600015758304
0.00033220600016647950
0.00007143499988160329
0.00009113999976761988
0.00019882600008713780
0.00005836899981659371
0.00022140600003694999
0.00005693299999620649
0.00008056600017880555
0.00043447699999887845
0.00006038199990143767
0.00021696800013160100
0.00005750599984821747
0.00021031899996160064
0.00005592700017587049
0.00007969099988258677
0.00027606899993770639
0.00005749299998569768
0.00042695899992395425
0.00009064699997907155
0.00043082999991383986
0.00004023299970867811
0.00005618099976345547
0.00040392500022790045
0.00004111799989914289
0.00039785200033293222
0.00003865500002575573
0.00039625899989914615
0.00003852100007861736
0.00005522199990082299
0.00010364500030846102
0.00004000299986728351
0.00005893800016565365
0.00020453300021472387
0.00003805400001510861
0.00005007500021747546
0.00013031299977228628
[59] forward pass time :  0.006296837999798299
0.00038410699971791473
0.00006953699994483031
0.00030542799959221156
0.00006118300007074140
0.00008432200002062018
0.00017043699972418835
0.00004215799981466262
0.00019781499986493145
0.00004010899965578574
0.00005645700002787635
0.00040747599996393546
0.00004502000001593842
0.00018917599982160027
0.00003947200002585305
0.00018416600005366490
0.00003901399986716569
0.00005676599994330900
0.00024856600020939368
0.00004131900004722411
0.00039984699969863868
0.00003957399985665688
0.00039527800026917248
0.00003912400006811367
0.00005494800006999867
0.00040104600020640646
0.00004251600012139534
0.00040096800012179301
0.00003967500015278347
0.00039580899965585559
0.00003894000019499799
0.00005527599978449871
0.00014764400020794710
0.00004091599976163707
0.00005993399963699630
0.00024565500007156515
0.00003945699972973671
0.00005221699984758743
0.00015955299977576942
[60] forward pass time :  0.005993821000174648
0.00028092499997001141
0.00007518799975514412
0.00032151899995369604
0.00006736100021953462
0.00008565999996790197
0.00018679699996937416
0.00005142600002727704
0.00021286199989845045
0.00008133000028465176
0.00007390700011455920
0.00042645199982871418
0.00004289500020604464
0.00018747500007521012
0.00003955800002586329
0.00018313200007469277
0.00003917500043826294
0.00005633099999613478
0.00024883199967007386
0.00004176099992037052
0.00040042899991021841
0.00003923699978258810
0.00039757500007908675
0.00003954500016334350
0.00005577899992204038
0.00040235799997390131
0.00004072000001542619
0.00039654100010011462
0.00003969299996242626
0.00039594800000486430
0.00003904899995177402
0.00005428099984783330
0.00010471399991729413
0.00004044099978273152
0.00006932999986020150
0.00020700899995063082
0.00003840999988824478
0.00005103100011183415
0.00013200199964558124
[61] forward pass time :  0.005913550000059331
0.00027541300005395897
0.00007282199976543779
0.00031451900031242985
0.00006531500002893154
0.00008282099997813930
0.00018064999994749087
0.00004908400023850845
0.00020804799987672595
0.00004798800000571646
0.00006743400035702507
0.00044535300003190059
0.00005546900001718313
0.00020436900013010018
0.00004864999982601148
0.00019680500008689705
0.00004621999960363610
0.00006886600021971390
0.00026176900018981542
0.00004854000007981085
0.00041272099997513578
0.00004751699998450931
0.00041201400017598644
0.00004770199984704959
0.00006508700016638613
0.00041445099986958667
0.00004797600013262127
0.00040754500014372752
0.00004744599982586806
0.00040933900027084746
0.00004705099991042516
0.00006621000011364231
0.00011512999981277972
0.00005297200004861224
0.00007140900015656371
0.00022117399976195884
0.00003831599997283774
0.00005101900023873895
0.00013033100003667641
[62] forward pass time :  0.006225879999874451
0.00031034999983603484
0.00008050699989325949
0.00033082500021919259
0.00007149800012484775
0.00009136099970419309
0.00019931899987568613
0.00005931099985900801
0.00022252500002650777
0.00005641699999614502
0.00008066400005191099
0.00043443100003059953
0.00006193799981701886
0.00021796200007884181
0.00005585999997492763
0.00021209999977145344
0.00005578500031333533
0.00008049699999901350
0.00027662999991662218
0.00005811100027131033
0.00042947000019921688
0.00005582799985859310
0.00042672200015658746
0.00005479499986904557
0.00007765200007270323
0.00043075599978692480
0.00005905599982725107
0.00042613599998730933
0.00005554000017582439
0.00042296499987060088
0.00005502100020748912
0.00007645499999853200
0.00013212599969847361
0.00008947400010583806
0.00008608399957665824
0.00023662600005991408
0.00005576200010182220
0.00007315099992410978
0.00013222000006862800
[63] forward pass time :  0.006696386999919923
0.00031205200002659694
0.00008032599998841761
0.00033226699997612741
0.00007098300011421088
0.00009123099971475312
0.00019847800012939842
0.00005873100008102483
0.00022424200005843886
0.00005700199972125120
0.00007918300025266944
0.00043426999991424964
0.00005948600028204964
0.00021483699993041228
0.00005814199994347291
0.00021304300025803968
0.00005588299973169342
0.00008014400009415112
0.00027820300010716892
0.00005716399982702569
0.00042781499996635830
0.00005510599976332742
0.00042466700006116298
0.00005576899957304704
0.00007777400014674640
0.00042893899990303908
0.00005742800021835137
0.00042475000009289943
0.00005550800005948986
0.00042187100007140543
0.00005506300021806965
0.00007771699984004954
0.00013376500010053860
0.00005673999976352206
0.00008234100005211076
0.00023378300011245301
0.00006063599994377000
0.00007726400008323253
0.00016421400005128817
[64] forward pass time :  0.006679680999695847
0.00028948999988642754
0.00007693099996686215
0.00032434000013381592
0.00006908800014571170
0.00008840100008455920
0.00019439600009718561
0.00005537600009120069
0.00021626699981425190
0.00005303999978423235
0.00007562699966001674
0.00042818900010388461
0.00005722800005969475
0.00020902000005662558
0.00005246799992164597
0.00020472400001381175
0.00005095999995319289
0.00007440699982907972
0.00027088199976788019
0.00005381200026022270
0.00041985899997598608
0.00005226700022831210
0.00042747799989228952
0.00005397499990067445
0.00007463199972335133
0.00042182000015600352
0.00005555999996431638
0.00041886600001816987
0.00005254699999568402
0.00041616299995439476
0.00005225299992162036
0.00007307699979719473
0.00012444200001482386
0.00005290599983709399
0.00007731000005151145
0.00022664400012217811
0.00005147599995325436
0.00006665999990218552
0.00015166999992288765
[65] forward pass time :  0.006441165000069304
0.00025565600026311586
0.00006856899972262909
0.00030050899977140944
0.00006134300019766670
0.00007464800000889227
0.00016713099967091694
0.00004181699978289544
0.00019575100031943293
0.00004032400011055870
0.00005640800009132363
0.00040767400014374289
0.00004346100013208343
0.00018811600011758856
0.00003978400036430685
0.00018391799994788016
0.00003894500014212099
0.00005669700021826429
0.00024863599992386298
0.00004039400027977536
0.00039731600008963142
0.00003888299988830113
0.00039626199986741995
0.00003914199987775646
0.00005516900000657188
0.00040268499969897675
0.00004268700013199123
0.00039982399994187290
0.00003938999998354120
0.00039769300019543152
0.00003891899996233406
0.00005511900008059456
0.00010415599990665214
0.00004070500017405720
0.00005860200008100946
0.00020544199969663168
0.00003806499989877921
0.00005038900008003111
0.00013123000007908558
[66] forward pass time :  0.005693017999874428
0.00026144999992538942
0.00006848100019851699
0.00030088199991951114
0.00006103599980633589
0.00007473999994545011
0.00016466400029457873
0.00004166500002611428
0.00019543500002328074
0.00003971799969804124
0.00005648800015478628
0.00040340200030186679
0.00004258900025888579
0.00018604799970489694
0.00003979200027970364
0.00018427500026518828
0.00004088700006832369
0.00005808300011267420
0.00025157300024147844
0.00004342400006862590
0.00040399899990006816
0.00004070299974046065
0.00039518999983556569
0.00003928900014216197
0.00005473300006997306
0.00040208000018537859
0.00004128399996261578
0.00040017300034378422
0.00003985600005762535
0.00039517499999419670
0.00003858399986711447
0.00005487099997480982
0.00010318199974790332
0.00003961499987781281
0.00005923099979554536
0.00020536499960144283
0.00003803099980359548
0.00005083299993202672
0.00013152399969840189
[67] forward pass time :  0.005695304999790096
0.00025443499998800689
0.00006894100033605355
0.00030078300005698111
0.00006104399972173269
0.00007478399993487983
0.00016680199996699230
0.00004145000002608867
0.00019609199989645276
0.00004166999997323728
0.00005700399970010039
0.00040606099992146483
0.00004326100042817416
0.00018743400005405420
0.00003965399992011953
0.00018450500010658288
0.00003902300022673444
0.00005649800004903227
0.00024713899983908050
0.00004029899992019637
0.00039989899960346520
0.00003943499996239552
0.00039659899994148873
0.00003921600000467151
0.00006555800018759328
0.00040501299963580095
0.00004181399981462164
0.00039590799997313297
0.00003909699989890214
0.00039560999994137092
0.00003853299995171255
0.00005476100022860919
0.00010291999979017419
0.00003973999992012978
0.00005820800015499117
0.00020371799973872839
0.00003866400038532447
0.00005118999979458749
0.00012987699983568746
[68] forward pass time :  0.005705014999875857
0.00027987699968434754
0.00007582400030514691
0.00032213499980571214
0.00006747999987055664
0.00008495800011587562
0.00018733499973677681
0.00005160399996384513
0.00021261300025798846
0.00005039699999542790
0.00007113999981811503
0.00042117800012420048
0.00004634000015357742
0.00019272299959993688
0.00003985600005762535
0.00018371800024397089
0.00003889500021614367
0.00005801599991173134
0.00024760800033618580
0.00004098900035387487
0.00040012899989960715
0.00004013800025859382
0.00039901499985717237
0.00003851500014206977
0.00005548200033445028
0.00040600600004836451
0.00004167699989920948
0.00039817500010030926
0.00003946099968743511
0.00039557299987791339
0.00003876999971907935
0.00005577899992204038
0.00010372999986429932
0.00004045100013172487
0.00005971800010229344
0.00020677700013038702
0.00004205899995213258
0.00005251799984762329
0.00013279599988891277
[69] forward pass time :  0.005892246999792405
0.00027352999995855498
0.00007341799982896191
0.00031466299969906686
0.00006506699992314680
0.00008190000016838894
0.00018314999988433556
0.00004876599996350706
0.00020775099983438849
0.00004747800039694994
0.00006669399999736925
0.00041972700000769692
0.00005283100017550169
0.00020422000034159282
0.00004761300033351290
0.00019609399987530196
0.00004607099981512874
0.00006818700012445333
0.00026307000007363968
0.00004773399996338412
0.00041221899982701871
0.00004667100029109861
0.00041376999979547691
0.00004699700002674945
0.00006605400039916276
0.00041371399993295199
0.00004794799997398513
0.00041175399974235916
0.00004715500017482555
0.00040928199996415060
0.00004633499975170707
0.00006539900005009258
0.00011696000001393259
0.00004796200028067688
0.00007002299980740645
0.00022506499999508378
0.00005050800018580048
0.00006917400014572195
0.00013607399978354806
[70] forward pass time :  0.006140501000118093
0.00031204299966702820
0.00007854699970266665
0.00033076800036724308
0.00007018299993433175
0.00009088700016945950
0.00019803000031970441
0.00006940599996596575
0.00023449900027117110
0.00005837400021846406
0.00008231399988289922
0.00043315499988239026
0.00005935400031376048
0.00021565299994108500
0.00005681699985871091
0.00021950900008960161
0.00005677499984813039
0.00008075699997789343
0.00027889100010725087
0.00005770100005975110
0.00042825000036827987
0.00005593400010184268
0.00042459599990252173
0.00005566499976339401
0.00007907600001999526
0.00043009099999835598
0.00005863099977432285
0.00042553100001896382
0.00005614499968942255
0.00042286400002922164
0.00005476300020745839
0.00007851400005165488
0.00013018699974054471
0.00005557400027100812
0.00008204699997804710
0.00023230200031321147
0.00005595399989033467
0.00007194799991339096
0.00019184299981134245
[71] forward pass time :  0.00677304600003481
0.00031045100013216143
0.00007998799992492422
0.00033334599993395386
0.00006964299973333254
0.00009165699975710595
0.00020085999994989834
0.00005696400012311642
0.00022210799988897634
0.00005608999981632223
0.00007934599989312119
0.00043319500036886893
0.00006007599995427881
0.00021472800017363625
0.00005606300010185805
0.00021096000000397908
0.00005322199967849883
0.00008008399981918046
0.00029029600000285427
0.00005859500015503727
0.00042909900002996437
0.00005585899998550303
0.00042714299979706993
0.00005527100029212306
0.00007916000004115631
0.00042915899985018768
0.00005919500017625978
0.00042312499999752617
0.00005513099995368975
0.00042366199977550423
0.00005537800007004989
0.00007659899983991636
0.00013197699990996625
0.00005555699999604258
0.00008144899993567378
0.00023155000008046045
0.00005542200005947961
0.00007206200007203734
0.00015628199980710633
[72] forward pass time :  0.00666557600015949
0.00028899500011903001
0.00007826799992471933
0.00032474499994350481
0.00006881599983898923
0.00008744900014789891
0.00019204399995942367
0.00005494500010172487
0.00021742699982496561
0.00005208799984757206
0.00007504299992433516
0.00042626499998732470
0.00005631999965771683
0.00020950899988747551
0.00005285999986881507
0.00020655900016208761
0.00005202200009080116
0.00007467299974450725
0.00027005299989468767
0.00005434700005935156
0.00042078700016645598
0.00005168400002730777
0.00041948899979615817
0.00005504999990080250
0.00007406600025205989
0.00042608000012478442
0.00005414800034486689
0.00041886499957399792
0.00005220100001679384
0.00041739900007087272
0.00005160700038686628
0.00007366999989244505
0.00012493299982452299
0.00005357999998523155
0.00007718100005149608
0.00022609600000578212
0.00005164599997442565
0.00006813099980718107
0.00015053500010253629
[73] forward pass time :  0.006446121999942989
0.00025838100009423215
0.00006851499983895337
0.00030335000019476865
0.00006118499959484325
0.00007379299995591282
0.00016762599989306182
0.00004193199993096641
0.00019533300019247690
0.00003985900002589915
0.00005619600005957182
0.00040458400007992168
0.00004170800002611941
0.00018774800037135719
0.00003973699995185598
0.00018282800010638312
0.00003808900009971694
0.00005562900014410843
0.00024755999993431033
0.00004059499997310922
0.00039984100021683844
0.00003950900008931058
0.00039841300031184801
0.00003981600002589403
0.00005499400003827759
0.00040199900013249135
0.00004216900015308056
0.00039966999975149520
0.00004235799997331924
0.00040137700034392765
0.00003890599964506691
0.00005494299966812832
0.00010198500012847944
0.00003986000001532375
0.00005763500030298019
0.00020510400008788565
0.00003770000012082164
0.00005068200016467017
0.00013097800001560245
[74] forward pass time :  0.005692304000149306
0.00025766099997781566
0.00006853499962744536
0.00030112700005702209
0.00006067000003895373
0.00007463100018867408
0.00016815099979794468
0.00004206299990983098
0.00019801500002358807
0.00004026600026918459
0.00005601299972113338
0.00040556699968874454
0.00004198500027996488
0.00018679100003282656
0.00003966599979321472
0.00018455300005371100
0.00004095100030099275
0.00005697400001736241
0.00025023400030477205
0.00004026099986731424
0.00039835999996284954
0.00003838000020550680
0.00039910299983603181
0.00003891200003636186
0.00005488600027092616
0.00039897699980429024
0.00004105499965589843
0.00039692400014246232
0.00003876699975080555
0.00039772500031176605
0.00003860600008920301
0.00005472000020745327
0.00010391599971626420
0.00004007500001534936
0.00005855900008100434
0.00020512899982350064
0.00003844599996227771
0.00005032799981563585
0.00012968700002602418
[75] forward pass time :  0.005685626000285993
0.00026042199988296488
0.00006797700007155072
0.00030072200024733320
0.00006061100020815502
0.00007448599990311777
0.00016699699972377857
0.00004143000023759669
0.00019451699972705683
0.00003885800015268615
0.00005623199967885739
0.00040460199988956447
0.00004191299967715167
0.00018649899993761210
0.00003863399979309179
0.00018472899955668254
0.00003981400004704483
0.00005737299989050371
0.00024873099982869462
0.00004072999990967219
0.00039981899999474990
0.00003944200034311507
0.00039712099987809779
0.00003936299981432967
0.00007088200027283165
0.00040546399986851611
0.00004160299977229442
0.00039749200004735030
0.00003882400005750242
0.00039687899970886065
0.00003775200002564816
0.00005480299978444236
0.00010343900021325680
0.00004007799998362316
0.00005943699989074958
0.00020403000007718219
0.00003878600000462029
0.00005055099973105825
0.00013110600002619321
[76] forward pass time :  0.005700337999769545
0.00027997400002277573
0.00007451500005117850
0.00032020999969972763
0.00006652699994447175
0.00008415799993599649
0.00019019299998035422
0.00005181899996387074
0.00021226099988780334
0.00004984700035493006
0.00007142999993448029
0.00042264800003977143
0.00005625199992209673
0.00020880700003544916
0.00004000800026915385
0.00018484900010662386
0.00003901699983543949
0.00005728299993279506
0.00024876399993445375
0.00004087399975105654
0.00040115100000548409
0.00003901099989889190
0.00039601300022695796
0.00003835100005744607
0.00005528599967874470
0.00040435699975205353
0.00004188399998383829
0.00039882500004750909
0.00003946100014218246
0.00039469100011046976
0.00003774600008910056
0.00005497099982676446
0.00010363599994889228
0.00003939199996239040
0.00005869200003871811
0.00020600500010914402
0.00004023800011054846
0.00005165099992154865
0.00013452399980451446
[77] forward pass time :  0.005911400999593752
0.00027357399994798470
0.00007371999981842237
0.00031387499984703027
0.00006542299979628297
0.00008244499986176379
0.00018271300041305949
0.00004906999993181671
0.00020727499986605835
0.00004732299976240029
0.00006635199997617747
0.00043456299999888870
0.00005541800010178122
0.00020542699985526269
0.00004827900011150632
0.00019753600008698413
0.00004708400001618429
0.00006715499966958305
0.00026109100008397945
0.00004918800004816148
0.00041476100022919127
0.00004744400030176621
0.00040970300005938043
0.00004735999982585781
0.00006585700020877994
0.00041772499980652356
0.00004940300004818710
0.00040983000008054660
0.00004719500020655687
0.00041054399980566814
0.00004694300014307373
0.00006588499991266872
0.00011643900006674812
0.00004818400020667468
0.00006968099978621467
0.00021856300008948892
0.00005255699988993001
0.00006519500038848491
0.00014834400008112425
[78] forward pass time :  0.006202706000294711
0.00030978199993114686
0.00007861499989303411
0.00032754699986980995
0.00007035299995550304
0.00009213600014845724
0.00019831400004477473
0.00005845700025020051
0.00022111999987828312
0.00005630299983749865
0.00007931000027383561
0.00043536600014704163
0.00006003099997542449
0.00021448799998324830
0.00006739700029356754
0.00021362799998314586
0.00005552499987970805
0.00007995000032678945
0.00027598499991654535
0.00005711799985874677
0.00042733899999802816
0.00005620299998554401
0.00042553800039968337
0.00005554700010179658
0.00007810900024196599
0.00043141900005139178
0.00005786299971077824
0.00042239599997628829
0.00005538899995372049
0.00042204700002912432
0.00005545799967876519
0.00007837500015739352
0.00013280999974085717
0.00005633700038742973
0.00008307000007334864
0.00023250900039784028
0.00008430400021097739
0.00005525100004888372
0.00013720299966735183
[79] forward pass time :  0.0066477909999775875
0.00031013599982543383
0.00007994399993549450
0.00034408800001983764
0.00007259700032591354
0.00009261400009563658
0.00020180799992886023
0.00005841799975314643
0.00022515699993164162
0.00005646399995384854
0.00008158800028468249
0.00043314499998814426
0.00005937400010225247
0.00021422300005724537
0.00005622100024993415
0.00021024799980295938
0.00005494100014402648
0.00007958899959703558
0.00027478700030769687
0.00007312000025194720
0.00043321199973433977
0.00005794999970021308
0.00042672199970184010
0.00005651400033457321
0.00007881400006226613
0.00043067599972346216
0.00005857999985892093
0.00042518800000834744
0.00005548399985855212
0.00042196499998681247
0.00005471699978443212
0.00007733599977655103
0.00013204600008975831
0.00005613799976345035
0.00008340499971382087
0.00023030000011203811
0.00005400499958341243
0.00007134099996619625
0.00015690200007156818
[80] forward pass time :  0.006742952999957197
0.00028855599975941004
0.00007747700010440894
0.00032749999991210643
0.00006929300025149132
0.00008815399996819906
0.00019266499975856277
0.00005460600004880689
0.00021575600021606078
0.00005356300016501336
0.00007547799987150938
0.00042715800009318627
0.00005693299999620649
0.00020975600000383565
0.00005163600008017966
0.00020494799991865875
0.00005210400013311300
0.00007486000004064408
0.00027581800031839521
0.00005393599985836772
0.00042042700033562141
0.00005351600020730984
0.00041867999971145764
0.00005280599998513935
0.00007390500013571000
0.00042416499991304590
0.00005745599992224015
0.00042258299981767777
0.00005561499983741669
0.00042221099965900066
0.00005175900014364743
0.00007421899999826564
0.00012416599975040299
0.00005387100009102141
0.00007736199995633797
0.00022625500014328281
0.00005127800022819429
0.00006860600024083396
0.00015155600021898863
[81] forward pass time :  0.006472654999924998
0.00026001400010500220
0.00006782700029361877
0.00031205699997371994
0.00006123899993326631
0.00007500599986087764
0.00016726300009395345
0.00004188100001556450
0.00019678899980135611
0.00003975300023739692
0.00005684699999619625
0.00040531099966756301
0.00004207500023767352
0.00018774400041365880
0.00004003200001534424
0.00018450899960953393
0.00003836799987766426
0.00005584499967881129
0.00024878000021999469
0.00004063300002599135
0.00039920500012158300
0.00003928400019503897
0.00039547899996250635
0.00003917999993063859
0.00005559600003834930
0.00040092500012178789
0.00004067700001542107
0.00039770600005795131
0.00004176599986749352
0.00040006299968808889
0.00003971699970861664
0.00005662900002789684
0.00010249100023429492
0.00003990899995187647
0.00005822799994348316
0.00020489500002440764
0.00003850300026897457
0.00005071399982625735
0.00013091599976178259
[82] forward pass time :  0.005703550999896834
0.00025808899999901769
0.00006815500000811880
0.00030317000027935137
0.00006016399993313826
0.00007411400019918801
0.00016646499989292352
0.00004120199992030393
0.00019632800012914231
0.00003926399995179963
0.00005687200018655858
0.00040468699990015011
0.00004177299979346571
0.00018824700009645312
0.00004010699967693654
0.00018389699971521623
0.00003859899970848346
0.00005658500003846711
0.00024582700007158564
0.00004056999978274689
0.00039572699961354374
0.00003943000001527253
0.00040926800011220621
0.00004104700019524898
0.00005607499997495324
0.00040576099991085357
0.00004066299970872933
0.00039639999977225671
0.00003906700021616416
0.00039529800005766447
0.00003814499996224185
0.00005560399995374610
0.00010328799999115290
0.00003966299982494093
0.00005858299982719473
0.00020423400019353721
0.00003846099980364670
0.00005106499975227052
0.00013106799997331109
[83] forward pass time :  0.0056938960001389205
0.00028152999993835692
0.00007575099971290911
0.00032545800013394910
0.00006640899982812698
0.00008422900009463774
0.00018584400004328927
0.00005165599986867164
0.00021331899961296585
0.00005471399981615832
0.00007378400005109143
0.00042582000014590449
0.00004226900000503520
0.00018830899989552563
0.00003923600024791085
0.00018409199992674985
0.00003864500013150973
0.00005736200000683311
0.00025094800002989359
0.00004065900020577828
0.00039853199996287003
0.00003846499976134510
0.00039713899968774058
0.00003968200007875566
0.00005501500027094153
0.00040387199987890199
0.00004007999996247236
0.00039639599981455831
0.00003865100006805733
0.00039602000015293015
0.00003898100021615392
0.00005471300028148107
0.00011262500038355938
0.00004081299994140863
0.00005894200012335205
0.00020668199977080803
0.00003857699994114228
0.00005087299996375805
0.00013231000002633664
[84] forward pass time :  0.0058929629999511235
0.00027591900015977444
0.00007326600007218076
0.00031411500003741821
0.00006549399995492422
0.00008168300018951413
0.00018155299994759844
0.00004877399987890385
0.00020859500000369735
0.00004777599997396464
0.00006771300013497239
0.00043490899997777888
0.00005150300012246589
0.00020124400043641799
0.00004690300011134241
0.00019557699988581589
0.00004612300017470261
0.00006701600023006904
0.00026140699992538430
0.00004937999983667396
0.00041140299981634598
0.00004711499968834687
0.00040836299967850209
0.00004730000000563450
0.00006676300017716130
0.00041342099984831293
0.00004903699982605758
0.00040823300014380948
0.00004704200000560377
0.00040776200012260233
0.00004657099998439662
0.00006528899984914460
0.00013848200023858226
0.00005515600014405209
0.00006020799992256798
0.00020861000029981369
0.00003888799983542413
0.00005051999960414832
0.00013136000006852555
[85] forward pass time :  0.00610842700007197
0.00030928699970900198
0.00008055399985096301
0.00032970299980661366
0.00007032199982859311
0.00009140900010606856
0.00019799399979092414
0.00005891499995414051
0.00022295999997368199
0.00005677999979525339
0.00007914600018921192
0.00043423399984021671
0.00005882000004930887
0.00021630499986713403
0.00005528000019694446
0.00021193499969740515
0.00005726900008085067
0.00008084099999905447
0.00028024900029777200
0.00005705700004909886
0.00042776300006153178
0.00005530099997486104
0.00042195600008199108
0.00005587399982687202
0.00007687900006203563
0.00042793900001925067
0.00005730899965783465
0.00042465700016691699
0.00005577000001721899
0.00042071500001839013
0.00005489699969984940
0.00007760500011499971
0.00013246400021671434
0.00005636000014419551
0.00008426000022154767
0.00023295899973163614
0.00005481300013343571
0.00007102299969119485
0.00018304300010640873
[86] forward pass time :  0.006673301000319043
0.00028885499978059670
0.00007803700009390013
0.00032446200020785909
0.00006925399975443725
0.00008861800006343401
0.00019232799968449399
0.00005414099996414734
0.00021688000015274156
0.00005379300000640796
0.00007475999973394210
0.00042569100014588912
0.00005688300007022917
0.00020888700009891181
0.00005324700032360852
0.00020655200023611542
0.00005142600002727704
0.00007417300002998672
0.00027087799981018179
0.00005421800005933619
0.00042204900000797352
0.00005234399986875360
0.00041761900001802132
0.00006433799990190892
0.00007537800001955475
0.00042427800008226768
0.00005427099995358731
0.00041967799961639685
0.00005321600019669859
0.00041688300007081125
0.00005129699957251432
0.00007542999992438126
0.00012632399966605590
0.00005378999958338682
0.00007832300025256700
0.00022553899998456473
0.00005206700006965548
0.00006626599997616722
0.00015112399978534086
[87] forward pass time :  0.006452137999986007
0.00025586699985069572
0.00006905800000822637
0.00030420900020544650
0.00006096899960539304
0.00007553699970230809
0.00016613899970252533
0.00004103699984625564
0.00019563000023481436
0.00004060700030095177
0.00005688300007022917
0.00040328600016437122
0.00004236199993101764
0.00018542799989518244
0.00003932200024792110
0.00018328299984204932
0.00003866099996230332
0.00005689299996447517
0.00024849999999787542
0.00004085399996256456
0.00039898299974083784
0.00003918800030078273
0.00040043699982561520
0.00003940600026908214
0.00005541000018638442
0.00039994799999476527
0.00004062400012116996
0.00039643699983571423
0.00004161100014243857
0.00039924100019561592
0.00003867600025841966
0.00005520300010175561
0.00010239899984298972
0.00004059900038555497
0.00005909500032430515
0.00020440799971765955
0.00003812299974015332
0.00005051100015407428
0.00013082700024824589
[88] forward pass time :  0.005727769000259286
0.00026098500029547722
0.00006895299975440139
0.00030106999975032522
0.00006078099977457896
0.00007439999990310753
0.00016638100032650982
0.00004122300015296787
0.00019535100000211969
0.00003967400016335887
0.00005549000024984707
0.00040566100005889894
0.00004225299971949426
0.00018765300001177820
0.00003947200002585305
0.00018308800008526305
0.00003903199967680848
0.00005634300032397732
0.00024722599982851534
0.00004050500001540058
0.00039945399976204499
0.00004221600011078408
0.00039908600001581362
0.00003976600009991671
0.00005589200009126216
0.00040247800006909529
0.00004026400029033539
0.00039818999994167825
0.00003910999976142193
0.00039533200015284820
0.00003840100043817074
0.00005452499999591964
0.00010502099985387758
0.00003920799963452737
0.00005993799959469470
0.00020491499981289962
0.00003796100008912617
0.00005088199986857944
0.00013139600014255848
[89] forward pass time :  0.00568659199961985
0.00028319400007603690
0.00007660799974473775
0.00032406699983766885
0.00006709099989166134
0.00008615700016889605
0.00018792700029734988
0.00017868600025394699
0.00031712500003777677
0.00004746700005853199
0.00007589300003019162
0.00041961199985962594
0.00005156299994268920
0.00020822299984502024
0.00004274899993106374
0.00018909000027633738
0.00003950800009988598
0.00006882699972265982
0.00025384399987160577
0.00004189499986750889
0.00040191400012190570
0.00003941699969800538
0.00039878500001577777
0.00003958100023737643
0.00005781700019724667
0.00041669800020827097
0.00004236900031173718
0.00041571400015527615
0.00004070100021635881
0.00039895000008982606
0.00003920800008927472
0.00007467300019925460
0.00014277399986895034
0.00004227999988870579
0.00006053500010239077
0.00022033100003682193
0.00003972800004703458
0.00005242799988991464
0.00014802199984842446
[90] forward pass time :  0.007350956000209408
0.00025600600019970443
0.00006853800005046651
0.00029989400036356528
0.00006116599979577586
0.00007504299992433516
0.00016651999976602383
0.00004067299960297532
0.00019559500015020603
0.00004021700033263187
0.00005644800012305495
0.00040529900024921517
0.00004330199999458273
0.00018775399985315744
0.00003966200029026368
0.00018562900004326366
0.00003881299971908447
0.00005664099990099203
0.00024881999979697866
0.00004089999993084348
0.00040094699988912907
0.00003908400003638235
0.00039852000008977484
0.00004023299970867811
0.00006690300006084726
0.00040749699974185205
0.00004168399982518167
0.00040217000014308724
0.00003891400001521106
0.00039516800006822450
0.00003805599999395781
0.00005468400013342034
0.00010377699982200284
0.00003943299998354632
0.00005941200015513459
0.00020575500002451008
0.00003886299964506179
0.00005040099995312630
0.00013181999975131475
[91] forward pass time :  0.005712361999940185
0.00028276900002310867
0.00007655800027350779
0.00032297600000674720
0.00007171800007199636
0.00008830800015857676
0.00017220700010511791
0.00004188499997326289
0.00019660099997054203
0.00003991599987784866
0.00005535699983738596
0.00040532999992137775
0.00004181699978289544
0.00018757400039248751
0.00003928499972971622
0.00018523800008551916
0.00003855500017380109
0.00005603800036624307
0.00025175499968099757
0.00004182699967714143
0.00039817100014261086
0.00003857100000459468
0.00039688400011073099
0.00003909099996235454
0.00005474799991134205
0.00040099300031215535
0.00004098799990970292
0.00039646699997319956
0.00003943000001527253
0.00039618299979338190
0.00004136200004722923
0.00005676699993273360
0.00010349300009693252
0.00004007500001534936
0.00005877999956283020
0.00020516699987638276
0.00003818000004685018
0.00005063700018581585
0.00013196000008974806
[92] forward pass time :  0.005789141999684944
0.00028169600000182982
0.00007546300003014039
0.00032012100018619094
0.00006746999997631065
0.00008543800004190416
0.00018840400025510462
0.00005189200010136119
0.00021287800018399139
0.00004959499983669957
0.00007092799978636322
0.00042304299995521433
0.00005364599974200246
0.00020513000026767259
0.00004926900010104873
0.00019928200026697596
0.00004886200031251065
0.00006943100015632808
0.00026533300024311757
0.00005057599992142059
0.00041636000014477759
0.00005964299998595379
0.00040369799990003230
0.00004064799986736034
0.00005704900013370207
0.00040249999983643647
0.00004123000007894007
0.00039561799985676771
0.00003917799995178939
0.00039614800016352092
0.00003895600002579158
0.00005433000023913337
0.00010275200020259945
0.00004009700023743790
0.00005884500023967121
0.00020426800028872094
0.00003797699991991976
0.00005063900016466505
0.00012948299990966916
[93] forward pass time :  0.0060167400001773785
0.00031500600016443059
0.00007933000006232760
0.00033104400017691660
0.00007146699999793782
0.00009075499974642298
0.00019914399990739184
0.00005947499994363170
0.00022523400002683047
0.00005615600002784049
0.00008005700010471628
0.00043167700005142251
0.00005866599985893117
0.00021404700009952649
0.00005552599986913265
0.00021060299968667096
0.00005452699997476884
0.00007883999978730571
0.00027490200000102050
0.00004411400004755706
0.00040340400028071599
0.00003991899984612246
0.00039889899971967679
0.00003902799971911008
0.00005711400035579572
0.00040187100012190058
0.00004056800025864504
0.00039583499983564252
0.00003967500015278347
0.00039760099980412633
0.00003875699985655956
0.00005488799979502801
0.00010327400013920851
0.00004004299989901483
0.00005793099990114570
0.00020504200028881314
0.00003837199983536266
0.00005225499990046956
0.00013210799988883082
[94] forward pass time :  0.0061651480000364245
0.00028877499971713405
0.00007719800032646162
0.00032552599986956920
0.00006858300002932083
0.00008840100008455920
0.00019335399974806933
0.00005451700008052285
0.00021713800015277229
0.00005312200028129155
0.00007526199988205917
0.00042772300002980046
0.00005633900036627892
0.00020805199983442435
0.00008408200028497959
0.00021997100020598737
0.00004000999979325570
0.00005788999987998977
0.00025158299968097708
0.00004046000003654626
0.00040091600021696649
0.00003996199984612758
0.00039689100003670319
0.00003942299963455298
0.00005588199974226882
0.00040193399991039769
0.00004131100013182731
0.00040064499989966862
0.00003942100011045113
0.00039868299973022658
0.00004055099998367950
0.00005568200003835955
0.00010450299987496692
0.00003943199999412172
0.00005964199999652919
0.00020555299988700426
0.00003814999990936485
0.00005028199984735693
0.00013046599997323938
[95] forward pass time :  0.0060495400002764654
0.00029080900003464194
0.00007778100007271860
0.00032548200033488683
0.00006920699979673373
0.00008709699977771379
0.00019317899977977504
0.00005575499972110265
0.00021739199974035728
0.00005307599985826528
0.00007451999999830150
0.00042737299963846453
0.00005666100014423137
0.00020962999997209408
0.00005322199967849883
0.00020493499960139161
0.00005180299967832980
0.00007468000012522680
0.00026824599990504794
0.00005342100030247821
0.00042147299973294139
0.00005286600026011001
0.00041949099977500737
0.00005970599977445090
0.00008650500012663542
0.00040572100033386960
0.00004184999988865457
0.00040394999996351544
0.00004015700005766121
0.00039619800008949824
0.00003913399996235967
0.00005549800016524387
0.00010345700002289959
0.00004014800015283981
0.00005932900012339815
0.00020461700023588492
0.00003874999993058736
0.00005087299996375805
0.00013155199985703803
[96] forward pass time :  0.0061910280001029605
0.00031068599992067902
0.00008054699992499081
0.00033150599983855500
0.00007115300013538217
0.00009165300025415490
0.00019875299994964735
0.00005729100030293921
0.00022361399987858022
0.00005658300005961792
0.00008028900037970743
0.00043366500040065148
0.00005954899961579940
0.00021476799975062022
0.00005549699972107192
0.00021046799975010799
0.00005447199964692118
0.00007936900010463432
0.00027644000010695891
0.00005789600027128472
0.00042518999998719664
0.00005629699990095105
0.00042377499994472601
0.00005695700019714423
0.00007864500003051944
0.00043025000013585668
0.00006208000013430137
0.00042319299973314628
0.00003923299982488970
0.00039809000008972362
0.00003878100005749729
0.00005608499986919924
0.00010325300036129192
0.00003968400005760486
0.00005895599997529644
0.00021741699993071961
0.00004041199963467079
0.00005423299990070518
0.00013401200021689874
[97] forward pass time :  0.006434127999909833
0.00031320600010076305
0.00007951099996716948
0.00033163299985972117
0.00007144100027289824
0.00009278300012738327
0.00019942600010836031
0.00005922300033489591
0.00022275499986790237
0.00005671200005963328
0.00007931400023153401
0.00043647399979818147
0.00006039599975338206
0.00021321599979273742
0.00005590799992205575
0.00021290500035320292
0.00005435799994302215
0.00007980300006238394
0.00027609800008576713
0.00005671700000675628
0.00042830200027310639
0.00005596000028162962
0.00042456800019863294
0.00004523100005826564
0.00005764400020780158
0.00040696699988984619
0.00004145499997321167
0.00039972400008991826
0.00003945500020563486
0.00039915599973028293
0.00003851700012091896
0.00005510999972102582
0.00010333599993828102
0.00004042299997308874
0.00005860900000698166
0.00020532099961201311
0.00003870099999403465
0.00005127000031279749
0.00013034199992034701
[98] forward pass time :  0.006275345000176458
0.00028090300020267023
0.00007546699998783879
0.00032074099999590544
0.00006691699991279165
0.00008430300022155279
0.00018839899985323427
0.00005282700021780329
0.00021443900004669558
0.00004914999999527936
0.00007107100009307032
0.00042431500014572521
0.00005296000017551705
0.00020445699965421227
0.00005138900041856687
0.00020351600005596993
0.00004867999996349681
0.00007175300015660468
0.00026691299990488915
0.00005145099976289202
0.00041936199977499200
0.00004998200029149302
0.00041482599999653758
0.00005001799991077860
0.00006963800024095690
0.00041802500027188216
0.00005106000025989488
0.00041485200017632451
0.00004999299972041626
0.00041266800008088467
0.00004853700011153705
0.00007092699979693862
0.00011989499989795149
0.00005033599973103264
0.00007381199975498021
0.00022183600003700121
0.00004914900000585476
0.00006446099996537669
0.00016001599988157977
[99] forward pass time :  0.006301608000285341
0.00025537600004099659
0.00006859499990241602
0.00030212999990908429
0.00006138900016594562
0.00007519400014643907
0.00016597300009379978
0.00004145299999436247
0.00019736100011868984
0.00004039600025862455
0.00005701100008081994
0.00040656100009073270
0.00004199500017421087
0.00018566699964139843
0.00003921400002582232
0.00018263800029671984
0.00003797899989876896
0.00005629099996440345
0.00024811499997667852
0.00004153500003667432
0.00039797899989935104
0.00003915600018444820
0.00039811800024835975
0.00003949600022679078
0.00005544900022869115
0.00040201899992098333
0.00004319799973018235
0.00040166899998439476
0.00003962700020565535
0.00039684500006842427
0.00003902700018443284
0.00005477800004882738
0.00010307699994882569
0.00004233899971950450
0.00006101899998611771
0.00020596399963324075
0.00003813500006799586
0.00005105000036564888
0.00013075500010018004
[100] forward pass time :  0.0056948179999380955
Finished Training
