0.00167566799791529775
0.00080091203562915325
0.00435800501145422459
0.00079400901449844241
0.00070247700205072761
0.00230908597586676478
0.00040842703310772777
0.00302305503282696009
0.00040670199086889625
0.00036114396061748266
0.00133766699582338333
0.00021517497953027487
0.00200215500080958009
0.00021484401077032089
0.00200684799347072840
0.00021654501324519515
0.00019554601749405265
0.00103057804517447948
0.00011869001900777221
0.00171911000506952405
0.00011855998309329152
0.00171375198988243937
0.00011727999662980437
0.00011250999523326755
0.00063783698715269566
0.00004595401696860790
0.00063386996043846011
0.00004590599564835429
0.00062372599495574832
0.00011334900045767426
0.00005000899545848370
[5] forward pass time :  0.029882603033911437
0.00170985300792381167
0.00080154399620369077
0.00433840695768594742
0.00079445395385846496
0.00070423894794657826
0.00233185401884838939
0.00040840700967237353
0.00302085495786741376
0.00040718499803915620
0.00036254798760637641
0.00133756198920309544
0.00021489296341314912
0.00202164601068943739
0.00021484895842149854
0.00201446202117949724
0.00021564401686191559
0.00019515398889780045
0.00103365798713639379
0.00011934997746720910
0.00171884900191798806
0.00011803105007857084
0.00172323698643594980
0.00011803198140114546
0.00011148297926411033
0.00064138002926483750
0.00004490703577175736
0.00063683104235678911
0.00004490796709433198
0.00062287296168506145
0.00004470499698072672
0.00004779797745868564
[6] forward pass time :  0.029790131957270205
0.00167062302352860570
0.00079863896826282144
0.00435043004108592868
0.00079276302130892873
0.00069583003642037511
0.00232390902237966657
0.00040705001447349787
0.00301955797476693988
0.00040696398355066776
0.00035936001222580671
0.00133776501752436161
0.00021478597773239017
0.00199993595015257597
0.00021369603928178549
0.00200428301468491554
0.00021411699708551168
0.00019347300985828042
0.00102776195853948593
0.00011861097300425172
0.00172273098723962903
0.00011612201342359185
0.00171421701088547707
0.00011833297321572900
0.00011211005039513111
0.00064165296498686075
0.00004589703166857362
0.00063787004910409451
0.00004489498678594828
0.00062278105178847909
0.00004350399831309915
0.00004671898204833269
[7] forward pass time :  0.029638411942869425
0.00168518500868231058
0.00080119399353861809
0.00436495902249589562
0.00079218798782676458
0.00070050201611593366
0.00232188700465485454
0.00040754495421424508
0.00301634398056194186
0.00040725897997617722
0.00035957002546638250
0.00133430201094597578
0.00021382200066000223
0.00199924001935869455
0.00021287001436576247
0.00200263096485286951
0.00021425297018140554
0.00019293004879727960
0.00102389598032459617
0.00011693697888404131
0.00171207700623199344
0.00011566100874915719
0.00170555303338915110
0.00012850103667005897
0.00011104100849479437
0.00063734600553289056
0.00004457699833437800
0.00063345796661451459
0.00004423299105837941
0.00062227499438449740
0.00004427204839885235
0.00004746299237012863
[8] forward pass time :  0.029661645996384323
0.00167135900119319558
0.00079811603063717484
0.00437656004214659333
0.00079340703086927533
0.00069674098631367087
0.00231702200835570693
0.00040815799729898572
0.00300994399003684521
0.00040646898560225964
0.00036000000545755029
0.00133675197139382362
0.00021398696117103100
0.00200583797413855791
0.00021357298828661442
0.00200776703422889113
0.00021300301887094975
0.00019139901269227266
0.00102956098271533847
0.00011975801317021251
0.00171929999487474561
0.00011605297913774848
0.00171165302162989974
0.00011606095358729362
0.00011062104022130370
0.00063899601809680462
0.00004565197741612792
0.00063459394732490182
0.00004402198828756809
0.00062389898812398314
0.00004440796328708529
0.00004607997834682465
[9] forward pass time :  0.02965799003141001
0.00169588404241949320
0.00080049096141010523
0.00436661200365051627
0.00079519703285768628
0.00070189801044762135
0.00231612898642197251
0.00041011901339516044
0.00303322297986596823
0.00040598300984129310
0.00036210299003869295
0.00133934401674196124
0.00021467701299116015
0.00200970802688971162
0.00025022501358762383
0.00216071697650477290
0.00021996599389240146
0.00020954199135303497
0.00104398501571267843
0.00012328202137723565
0.00173671101219952106
0.00011836102930828929
0.00173065403942018747
0.00011880695819854736
0.00011810602154582739
0.00064775999635457993
0.00004582002293318510
0.00065759097924456000
0.00004783202894032001
0.00063472497276961803
0.00004495796747505665
0.00004828104283660650
[10] forward pass time :  0.03021709795575589
0.00167798501206561923
0.00080855202395468950
0.00436240102862939239
0.00079182197805494070
0.00069973903009667993
0.00232009304454550147
0.00040867703501135111
0.00304783298633992672
0.00040634896140545607
0.00036044599255546927
0.00133960699895396829
0.00021453003864735365
0.00200833700364455581
0.00021322496468201280
0.00201031897449865937
0.00021581200417131186
0.00019406998762860894
0.00103177002165466547
0.00011780101340264082
0.00172308000037446618
0.00011717795860022306
0.00171944999601691961
0.00011828698916360736
0.00011279201135039330
0.00064354098867624998
0.00004520401125773787
0.00063541397685185075
0.00004491099389269948
0.00062893197173252702
0.00004519999492913485
0.00004755496047437191
[11] forward pass time :  0.029755002993624657
0.00168334797490388155
0.00079840299440547824
0.00437968398910015821
0.00079143297625705600
0.00069637002889066935
0.00233904202468693256
0.00048022798728197813
0.00308838201453909278
0.00040830002399161458
0.00037911400431767106
0.00134730001445859671
0.00021431798813864589
0.00202200404601171613
0.00021556398132815957
0.00221572903683409095
0.00021893100347369909
0.00019518198678269982
0.00104349100729450583
0.00011904200073331594
0.00173425697721540928
0.00011741998605430126
0.00173328496748581529
0.00011956301750615239
0.00011188501957803965
0.00064949796069413424
0.00004648603498935699
0.00064514699624851346
0.00004548399010673165
0.00063526903977617621
0.00004588998854160309
0.00004800502210855484
[12] forward pass time :  0.030289233953226358
0.00167189800413325429
0.00079977296991273761
0.00437746796524152160
0.00079158396692946553
0.00070114096160978079
0.00231686700135469437
0.00040734099457040429
0.00302389601711183786
0.00040714401984587312
0.00036042596912011504
0.00133942795218899846
0.00021314900368452072
0.00200290494831278920
0.00021388102322816849
0.00201994797680526972
0.00021186796948313713
0.00019277195679023862
0.00103138096164911985
0.00011835497571155429
0.00172341102734208107
0.00011688994709402323
0.00171903200680390000
0.00011921097757294774
0.00011111603816971183
0.00064234004821628332
0.00005064503056928515
0.00063302798662334681
0.00004387699300423265
0.00062373501714318991
0.00004529301077127457
0.00004612799966707826
[13] forward pass time :  0.029715961019974202
0.00168421503622084856
0.00079630402615293860
0.00438413600204512477
0.00079310103319585323
0.00069993699435144663
0.00231342198094353080
0.00041069299913942814
0.00304605398559942842
0.00040591397555544972
0.00035969098098576069
0.00134645495563745499
0.00021598400780931115
0.00200926995603367686
0.00021347397705540061
0.00201625796034932137
0.00021341798128560185
0.00019352900562807918
0.00103223003679886460
0.00011707801604643464
0.00172460597241297364
0.00011811498552560806
0.00172906595980748534
0.00011683499906212091
0.00011072901543229818
0.00064040499273687601
0.00004589598393067718
0.00063662399770691991
0.00004729803185909986
0.00063093198696151376
0.00004549004370346665
0.00005006598075851798
[14] forward pass time :  0.02978108497336507
0.00168017402756959200
0.00079795997589826584
0.00436723302118480206
0.00079276796896010637
0.00069870502920821309
0.00232209998648613691
0.00040863995673134923
0.00302679900778457522
0.00040653697215020657
0.00036089099012315273
0.00134672701824456453
0.00021454301895573735
0.00200119102373719215
0.00021362298866733909
0.00201710499823093414
0.00021303701214492321
0.00019234896171838045
0.00103446497814729810
0.00011806096881628036
0.00172706495504826307
0.00012025103205814958
0.00172078597825020552
0.00011736096348613501
0.00011138303671032190
0.00064038997516036034
0.00004690297646448016
0.00064020697027444839
0.00004514300962910056
0.00062783400062471628
0.00004407198866829276
0.00004707701737061143
[15] forward pass time :  0.029738707991782576
0.00168254302116110921
0.00079884502338245511
0.00438197702169418335
0.00079245102824643254
0.00070194998988881707
0.00231905002146959305
0.00040751899359747767
0.00303795497165992856
0.00040840095607563853
0.00036070100031793118
0.00134594895644113421
0.00021591101540252566
0.00200829701498150826
0.00021368399029597640
0.00201220100279897451
0.00021386699518188834
0.00019445497309789062
0.00103374099126085639
0.00011732202256098390
0.00172608101274818182
0.00011935399379581213
0.00172214099438861012
0.00013329001376405358
0.00011302396887913346
0.00064376700902357697
0.00004640402039512992
0.00063951400807127357
0.00004650204209610820
0.00062911200802773237
0.00004531699232757092
0.00004750100197270513
[16] forward pass time :  0.029888153017964214
0.00165985297644510865
0.00079694495070725679
0.00437619199510663748
0.00079307000851258636
0.00069908797740936279
0.00231137603987008333
0.00040730996988713741
0.00302994495723396540
0.00040644704131409526
0.00036071700742468238
0.00134197995066642761
0.00021526397904381156
0.00200729898642748594
0.00021325499983504415
0.00201168004423379898
0.00021411798661574721
0.00019267795141786337
0.00103299500187858939
0.00011765200179070234
0.00172267801826819777
0.00011863600229844451
0.00172572501469403505
0.00011695700231939554
0.00011053995694965124
0.00064372899942100048
0.00004478596383705735
0.00063712499104440212
0.00004535296466201544
0.00062989199068397284
0.00004471698775887489
0.00004752998938784003
[17] forward pass time :  0.029729052039328963
0.00167270202655345201
0.00079757999628782272
0.00437038601376116276
0.00079373701009899378
0.00069928099401295185
0.00230978196486830711
0.00040760601405054331
0.00302771100541576743
0.00040715403156355023
0.00036014104261994362
0.00134070200147107244
0.00021643895888701081
0.00201652303803712130
0.00021362799452617764
0.00201601296430453658
0.00021406001178547740
0.00019385199993848801
0.00103314901934936643
0.00011775700841099024
0.00172548700356855989
0.00011804496170952916
0.00172823597677052021
0.00011702696792781353
0.00011047598673030734
0.00064024300081655383
0.00004553899634629488
0.00063597800908610225
0.00004446197999641299
0.00062659499235451221
0.00004751799860969186
0.00004877301398664713
[18] forward pass time :  0.029809839033987373
0.00168222398497164249
0.00079660001210868359
0.00437440798850730062
0.00079283100785687566
0.00070297694765031338
0.00231301400344818830
0.00040659098885953426
0.00301292195217683911
0.00040773500222712755
0.00036003894638270140
0.00133821798954159021
0.00021494698012247682
0.00200631399638950825
0.00021301599917933345
0.00200778100406751037
0.00021385098807513714
0.00019389402586966753
0.00103009003214538097
0.00011729501420632005
0.00172413198743015528
0.00011872302275151014
0.00172041699988767505
0.00011627195635810494
0.00011129601625725627
0.00065512995934113860
0.00004528404679149389
0.00064896797994151711
0.00004447100218385458
0.00064224703237414360
0.00004565599374473095
0.00004784198245033622
[19] forward pass time :  0.02976053801830858
0.00166970200370997190
0.00079684500815346837
0.00437690998660400510
0.00079327099956572056
0.00069841201184317470
0.00231513904873281717
0.00040707300649955869
0.00303247198462486267
0.00040664995322003961
0.00036030198680236936
0.00134152499958872795
0.00021639501210302114
0.00200977700296789408
0.00021292100427672267
0.00201914599165320396
0.00021447299513965845
0.00019347498891875148
0.00103540904819965363
0.00011705799261108041
0.00172651297179982066
0.00011693098349496722
0.00172620598459616303
0.00011645903578028083
0.00011022895341739058
0.00063846498960629106
0.00004596303915604949
0.00063813099404796958
0.00004423997597768903
0.00063080503605306149
0.00004798203008249402
0.00004924897802993655
[20] forward pass time :  0.02975768398027867
0.00168534799013286829
0.00080369896022602916
0.00437371997395530343
0.00079489400377497077
0.00070419302210211754
0.00232166296336799860
0.00040860701119527221
0.00304975901963189244
0.00040647701825946569
0.00035992398625239730
0.00133189099142327905
0.00021508603822439909
0.00200514501193538308
0.00021487398771569133
0.00201608403585851192
0.00021397997625172138
0.00019331800285726786
0.00103275402216240764
0.00011835800250992179
0.00173228798666968942
0.00012020597932860255
0.00172903999919071794
0.00011926604202017188
0.00011198100401088595
0.00064039800781756639
0.00004593201447278261
0.00065364997135475278
0.00004525098484009504
0.00064111297251656651
0.00004463596269488335
0.00004757900023832917
[21] forward pass time :  0.029884736984968185
0.00172401400050148368
0.00079893099609762430
0.00436452397843822837
0.00079291500151157379
0.00069941399851813912
0.00231486099073663354
0.00040731299668550491
0.00301665504230186343
0.00040794501546770334
0.00035981298424303532
0.00133637100225314498
0.00021497695706784725
0.00200504198437556624
0.00021302601089701056
0.00200967100681737065
0.00021407799795269966
0.00019319599959999323
0.00103126099565997720
0.00011842499952763319
0.00171923701418563724
0.00011720001930370927
0.00172331702196970582
0.00011713901767507195
0.00011126499157398939
0.00064367399318143725
0.00004539202200248837
0.00063459901139140129
0.00004520500078797340
0.00062368996441364288
0.00004520401125773787
0.00004786800127476454
[22] forward pass time :  0.02974346501287073
0.00168041401775553823
0.00080022698966786265
0.00436623097630217671
0.00079522997839376330
0.00069954502396285534
0.00232522899750620127
0.00040770799387246370
0.00302808801643550396
0.00040762103162705898
0.00036057399120181799
0.00134392798645421863
0.00021489901700988412
0.00200794899137690663
0.00021386903245002031
0.00200862198835238814
0.00021327298600226641
0.00019341503502801061
0.00103589397622272372
0.00011775101302191615
0.00172254198696464300
0.00011577398981899023
0.00171921600122004747
0.00011869298759847879
0.00011120800627395511
0.00064131797989830375
0.00004506303230300546
0.00063328497344627976
0.00004456395981833339
0.00062547100242227316
0.00004519597860053182
0.00004722899757325649
[23] forward pass time :  0.029741038975771517
0.00167210598010569811
0.00079786399146541953
0.00436640001134946942
0.00079234101576730609
0.00070648401742801070
0.00232353998580947518
0.00040767097380012274
0.00301743403542786837
0.00040601496584713459
0.00036033999640494585
0.00133957696380093694
0.00021534302504733205
0.00200433796271681786
0.00021325296256691217
0.00201958895195275545
0.00021444197045639157
0.00019414897542446852
0.00103241903707385063
0.00011806300608441234
0.00172118202317506075
0.00011671101674437523
0.00171840901020914316
0.00011786195682361722
0.00011183100286871195
0.00064025999745354056
0.00004594703204929829
0.00063489499734714627
0.00004483194788917899
0.00062542298110201955
0.00004508998245000839
0.00004716595867648721
[24] forward pass time :  0.0297214409802109
0.00169835198903456330
0.00079816899960860610
0.00436639395775273442
0.00079317402560263872
0.00070062204031273723
0.00231249595526605844
0.00040745595470070839
0.00302424799883738160
0.00040620501386001706
0.00035948597360402346
0.00133779598399996758
0.00021608301904052496
0.00201155501417815685
0.00021356402430683374
0.00200632901396602392
0.00021515198750421405
0.00019391701789572835
0.00102964398683980107
0.00011748401448130608
0.00172104599187150598
0.00011732801795005798
0.00172159599605947733
0.00011687900405377150
0.00011106999590992928
0.00064297002973034978
0.00004518200876191258
0.00063700403552502394
0.00004730297951027751
0.00062639196403324604
0.00004459900083020329
0.00004809699021279812
[25] forward pass time :  0.0297443030285649
0.00172495003789663315
0.00082488200860098004
0.00439145200653001666
0.00079810700844973326
0.00072017899947240949
0.00232257496099919081
0.00040989700937643647
0.00301851599942892790
0.00040605000685900450
0.00036213500425219536
0.00133944500703364611
0.00021444901358336210
0.00200578902149572968
0.00021626899251714349
0.00201669998932629824
0.00021360605023801327
0.00019469799008220434
0.00103435997152701020
0.00011923798592761159
0.00172241299878805876
0.00011840602383017540
0.00171749299624934793
0.00011899601668119431
0.00011172698577865958
0.00063870201120153069
0.00004688900662586093
0.00063850899459794164
0.00004526198608800769
0.00062982703093439341
0.00004491698928177357
0.00004762603202834725
[26] forward pass time :  0.029979761980939656
0.00169711100170388818
0.00079864199506118894
0.00436095095938071609
0.00079183600610122085
0.00069833901943638921
0.00231941003585234284
0.00040850799996405840
0.00302213901886716485
0.00040736998198553920
0.00036080402787774801
0.00133467797422781587
0.00021499500144273043
0.00200223102001473308
0.00021450396161526442
0.00203419796889647841
0.00021611299598589540
0.00019490701379254460
0.00103719800245016813
0.00011954503133893013
0.00172641302924603224
0.00011688802624121308
0.00171790702734142542
0.00011746597010642290
0.00011103396536782384
0.00064036500407382846
0.00004542298847809434
0.00063696899451315403
0.00004453596193343401
0.00062617199728265405
0.00004549801815301180
0.00004809501115232706
[27] forward pass time :  0.02983162202872336
0.00167172699002549052
0.00079785799607634544
0.00436950701987370849
0.00079337396891787648
0.00069627305492758751
0.00231180398259311914
0.00040708598680794239
0.00303261599037796259
0.00040739803807809949
0.00036036199890077114
0.00134275795426219702
0.00021404598373919725
0.00200501998187974095
0.00021562800975516438
0.00201391003793105483
0.00021428003674373031
0.00019416201394051313
0.00103060097899287939
0.00011755799641832709
0.00172456901054829359
0.00011657096911221743
0.00171731802402064204
0.00011821801308542490
0.00011139898560941219
0.00064299599034711719
0.00004564301343634725
0.00063440098892897367
0.00004481099313125014
0.00062813801923766732
0.00004424300277605653
0.00004802999319508672
[28] forward pass time :  0.02971711097052321
0.00167444098042324185
0.00079896900570020080
0.00436073698801919818
0.00079302600352093577
0.00069795496528968215
0.00230969500262290239
0.00040767894824966788
0.00302469899179413915
0.00040751503547653556
0.00036041403654962778
0.00133769400417804718
0.00021473295055329800
0.00200659799156710505
0.00021536397980526090
0.00201193604152649641
0.00021413597278296947
0.00019356701523065567
0.00103086302988231182
0.00011861202074214816
0.00172347901389002800
0.00011739303590729833
0.00171618000604212284
0.00012371398042887449
0.00011323497164994478
0.00065861997427418828
0.00004695600364357233
0.00065664399880915880
0.00004529301077127457
0.00063868402503430843
0.00004439399344846606
0.00004757998976856470
[29] forward pass time :  0.02976800501346588
0.00165535398991778493
0.00079846702283248305
0.00439104298129677773
0.00079264002852141857
0.00069676700513809919
0.00231474702013656497
0.00040742801502346992
0.00303318601800128818
0.00040670699672773480
0.00036012998316437006
0.00133664900204166770
0.00021412002388387918
0.00200471398420631886
0.00021462701261043549
0.00201442401157692075
0.00021305098198354244
0.00019342795712873340
0.00102975801564753056
0.00011764798546209931
0.00172400299925357103
0.00011686101788654923
0.00171521794982254505
0.00011753599392250180
0.00011143798474222422
0.00064080802258104086
0.00004557997453957796
0.00064572197152301669
0.00004491698928177357
0.00065165199339389801
0.00004503596574068069
0.00004843698116019368
[30] forward pass time :  0.029751139984000474
0.00168346299324184656
0.00081149896141141653
0.00437588599743321538
0.00079281802754849195
0.00069959001848474145
0.00231150299077853560
0.00040774798253551126
0.00302284403005614877
0.00040685699786990881
0.00036113796522840858
0.00134174595586955547
0.00021757901413366199
0.00200633297208696604
0.00021321204258129001
0.00201014796039089561
0.00021393899805843830
0.00019380799494683743
0.00103082403074949980
0.00011796801118180156
0.00171787699218839407
0.00011777598410844803
0.00171916402177885175
0.00011666497448459268
0.00011106301099061966
0.00064048398053273559
0.00004541402449831367
0.00063759001204743981
0.00004439800977706909
0.00062417797744274139
0.00004747096681967378
0.00004851899575442076
[31] forward pass time :  0.029734183044638485
0.00166288297623395920
0.00079857499804347754
0.00435809599002823234
0.00079121103044599295
0.00069608096964657307
0.00231630000052973628
0.00040710199391469359
0.00302123499568551779
0.00040768698090687394
0.00036078895209357142
0.00133712205570191145
0.00021386402659118176
0.00200933899031952024
0.00022062798961997032
0.00202694803010672331
0.00022958300542086363
0.00019347696797922254
0.00103154499083757401
0.00011678598821163177
0.00172336603282019496
0.00011713802814483643
0.00171961204614490271
0.00011841702507808805
0.00011221895692870021
0.00063909502932801843
0.00004587997682392597
0.00063525699079036713
0.00004402501508593559
0.00062168500153347850
0.00004346994683146477
0.00004713097587227821
[32] forward pass time :  0.02974012598861009
0.00169320602435618639
0.00079780194209888577
0.00437341397628188133
0.00080332497600466013
0.00069780100602656603
0.00230426900088787079
0.00040692300535738468
0.00302971800556406379
0.00040689297020435333
0.00035983603447675705
0.00134039903059601784
0.00021463300799950957
0.00201026600552722812
0.00021336798090487719
0.00200745998881757259
0.00021268200362101197
0.00019189098384231329
0.00103271199623122811
0.00011951202759519219
0.00173016299959272146
0.00011680700117722154
0.00172249699244275689
0.00011735397856682539
0.00011068000458180904
0.00064360600663349032
0.00004458200419321656
0.00064810900948941708
0.00004432199057191610
0.00063750403933227062
0.00004457501927390695
0.00004723196616396308
[33] forward pass time :  0.02976424404187128
0.00172420899616554379
0.00080617197090759873
0.00437768700066953897
0.00079937797272577882
0.00071080500492826104
0.00232552899979054928
0.00041278800927102566
0.00303844496374949813
0.00041088700527325273
0.00036511698272079229
0.00135497201699763536
0.00022004498168826103
0.00201431097229942679
0.00021814403589814901
0.00201298098545521498
0.00021846801973879337
0.00019872200209647417
0.00103797100018709898
0.00012204097583889961
0.00172897998709231615
0.00012178596807643771
0.00172634399496018887
0.00012111599789932370
0.00011578900739550591
0.00064667500555515289
0.00004995800554752350
0.00064447399927303195
0.00005097303073853254
0.00063453800976276398
0.00004890700802206993
0.00005339103518053889
[34] forward pass time :  0.030007168010342866
0.00168679299531504512
0.00079778203507885337
0.00436022301437333226
0.00079367100261151791
0.00069979397812858224
0.00230936799198389053
0.00040809798520058393
0.00303456198889762163
0.00040557800093665719
0.00035902200033888221
0.00134925299789756536
0.00021459499839693308
0.00200363300973549485
0.00021292798919603229
0.00201758102048188448
0.00021299102809280157
0.00019283895380795002
0.00103232701076194644
0.00011749303666874766
0.00172194599872455001
0.00011786899995058775
0.00172280299011617899
0.00011696998262777925
0.00011023500701412559
0.00063983601285144687
0.00006383203435689211
0.00064175401348620653
0.00004514399915933609
0.00062776805134490132
0.00004392996197566390
0.00004717201227322221
[35] forward pass time :  0.02976733900140971
0.00167198700364679098
0.00079860101686790586
0.00437091401545330882
0.00079373299377039075
0.00069992500357329845
0.00232116499682888389
0.00040692999027669430
0.00303990201791748405
0.00040638697100803256
0.00036045000888407230
0.00134335301117971539
0.00021565204951912165
0.00200857798336073756
0.00021305895643308759
0.00201192504027858377
0.00021407200256362557
0.00019337201956659555
0.00103213900001719594
0.00011762097710743546
0.00172356900293380022
0.00011837598867714405
0.00172072497662156820
0.00011693598935380578
0.00011079001706093550
0.00064072496024891734
0.00004539097426459193
0.00064281601225957274
0.00004511000588536263
0.00064868095796555281
0.00004735100083053112
0.00004858901957049966
[36] forward pass time :  0.02977732301224023
0.00167285097995772958
0.00079779198858886957
0.00436242099385708570
0.00079245097003877163
0.00069887400604784489
0.00231252401135861874
0.00040757702663540840
0.00302794401068240404
0.00040861702291294932
0.00036031001945957541
0.00134349800646305084
0.00021501601440832019
0.00200102600501850247
0.00021477398695424199
0.00201469700550660491
0.00021285202819854021
0.00019281497225165367
0.00103090598713606596
0.00011853902833536267
0.00172223901608958840
0.00011599500430747867
0.00171676400350406766
0.00011661800090223551
0.00011159700807183981
0.00064127799123525620
0.00004633399657905102
0.00063279998721554875
0.00004432798596099019
0.00062682002317160368
0.00004473194712772965
0.00004802201874554157
[37] forward pass time :  0.02969472500262782
0.00167549197794869542
0.00079855602234601974
0.00437547499313950539
0.00079209700925275683
0.00069827301194891334
0.00231574400095269084
0.00040763698052614927
0.00303781201364472508
0.00040751998312771320
0.00036101497244089842
0.00133808801183477044
0.00021472899243235588
0.00200743199093267322
0.00021519896108657122
0.00201721797930076718
0.00021344801643863320
0.00019245501607656479
0.00103141803992912173
0.00011898402590304613
0.00172622303944081068
0.00011784798698499799
0.00172304298030212522
0.00011868699220940471
0.00011214701225981116
0.00064394198125228286
0.00004633294884115458
0.00063418003264814615
0.00004484597593545914
0.00062756403349339962
0.00004466000245884061
0.00004714401438832283
[38] forward pass time :  0.029745356005150825
0.00170484895352274179
0.00080075202276930213
0.00439286598702892661
0.00079346401616930962
0.00070300599327310920
0.00232043000869452953
0.00040855299448594451
0.00302392698358744383
0.00040686200372874737
0.00036055600503459573
0.00133628700859844685
0.00021475699031725526
0.00200497999321669340
0.00021529401419684291
0.00201392301823943853
0.00021381396800279617
0.00019345298642292619
0.00103164999745786190
0.00011892401380464435
0.00172482297057285905
0.00011803902452811599
0.00172328704502433538
0.00011824804823845625
0.00011424900731071830
0.00064503098838031292
0.00004631699994206429
0.00063888099975883961
0.00004492903826758265
0.00063856196356937289
0.00004477798938751221
0.00004745303886011243
[39] forward pass time :  0.029825184028595686
0.00170239002909511328
0.00080187799176201224
0.00440188095672056079
0.00079187902156263590
0.00070259999483823776
0.00231266097398474813
0.00040860002627596259
0.00303926400374621153
0.00040694599738344550
0.00036092201480641961
0.00134348100982606411
0.00021435000235214829
0.00200778199359774590
0.00021398003445938230
0.00201361399376764894
0.00021347001893445849
0.00019496999448165298
0.00103439099621027708
0.00011833204189315438
0.00172301998827606440
0.00011779001215472817
0.00172792002558708191
0.00011861801613122225
0.00011060095857828856
0.00065690797055140138
0.00004576396895572543
0.00064911495428532362
0.00004528404679149389
0.00063629995565861464
0.00004548399010673165
0.00004899001214653254
[40] forward pass time :  0.029879501031246036
0.00170117698144167662
0.00079792505130171776
0.00437552802031859756
0.00079407898010686040
0.00069946399889886379
0.00231191900093108416
0.00040671904571354389
0.00302398402709513903
0.00040733796777203679
0.00036076497053727508
0.00134221900952979922
0.00021620700135827065
0.00201082997955381870
0.00021287798881530762
0.00201172899687662721
0.00021355703938752413
0.00019388401415199041
0.00103469699388369918
0.00011796900071203709
0.00172204402042552829
0.00011789199197664857
0.00172008998924866319
0.00011710199760273099
0.00011037994408980012
0.00064151705009862781
0.00004583899863064289
0.00063447898719459772
0.00004531297599896789
0.00062573398463428020
0.00004759500734508038
0.00004925002576783299
[41] forward pass time :  0.02976135100470856
0.00167656800476834178
0.00079794100020080805
0.00436628295574337244
0.00079278298653662205
0.00069749797694385052
0.00232466403394937515
0.00040714902570471168
0.00301599799422547221
0.00040578201878815889
0.00036200904287397861
0.00133513699984177947
0.00021325401030480862
0.00200209300965070724
0.00021823099814355373
0.00200898596085608006
0.00021204201038926840
0.00019155797781422734
0.00102820701431483030
0.00011689699022099376
0.00172235997160896659
0.00011637201532721519
0.00171930401120334864
0.00011526199523359537
0.00011057697702199221
0.00064078002469614148
0.00005708995740860701
0.00063940702239051461
0.00004508800338953733
0.00062488799449056387
0.00004362704930827022
0.00004732899833470583
[42] forward pass time :  0.029685120040085167
0.00168708397541195154
0.00079500302672386169
0.00440467300359159708
0.00079697102773934603
0.00071669300086796284
0.00238165899645537138
0.00044089596485719085
0.00303903798339888453
0.00040843599708750844
0.00036154699046164751
0.00135173898888751864
0.00021586398361250758
0.00200974597828462720
0.00021324696717783809
0.00201527500757947564
0.00021377101074904203
0.00019362900638952851
0.00103335402673110366
0.00011839502258226275
0.00172268494497984648
0.00013318803394213319
0.00172627996653318405
0.00011574698146432638
0.00011000997619703412
0.00063849601428955793
0.00004501699004322290
0.00063601596048101783
0.00004475499736145139
0.00063004903495311737
0.00004612497286871076
0.00004796503344550729
[43] forward pass time :  0.03001942200353369
0.00167925702407956123
0.00079702195944264531
0.00435949303209781647
0.00079240300692617893
0.00069885601988062263
0.00231700600124895573
0.00040835398249328136
0.00302600301802158356
0.00040567899122834206
0.00035998801467940211
0.00133871997240930796
0.00021369801834225655
0.00200785300694406033
0.00021742295939475298
0.00200725195463746786
0.00021317403297871351
0.00019380298908799887
0.00102972902823239565
0.00011737103341147304
0.00171722396044060588
0.00012891896767541766
0.00171686697285622358
0.00011644297046586871
0.00011009501758962870
0.00064824603032320738
0.00004647800233215094
0.00063617300475016236
0.00004448398249223828
0.00062514498131349683
0.00004416803130879998
0.00004803796764463186
[44] forward pass time :  0.029709335998632014
0.00167072599288076162
0.00079759396612644196
0.00437368400162085891
0.00079258595360442996
0.00069758103927597404
0.00231166102457791567
0.00040754600195214152
0.00302801898214966059
0.00040702696423977613
0.00035997101804241538
0.00134386902209371328
0.00021403102437034249
0.00200571899767965078
0.00021357397781684995
0.00201764004305005074
0.00021266198018565774
0.00019268499454483390
0.00103342602960765362
0.00011860998347401619
0.00172755704261362553
0.00011647195788100362
0.00172134803142398596
0.00011892098700627685
0.00011108303442597389
0.00064187700627371669
0.00004525698022916913
0.00063796399626880884
0.00004428601823747158
0.00062478898325935006
0.00004455697489902377
0.00004825799260288477
[45] forward pass time :  0.029721667990088463
0.00169503700453788042
0.00080829299986362457
0.00440198497381061316
0.00079364300472661853
0.00071434298297390342
0.00231751101091504097
0.00040805299067869782
0.00304336799308657646
0.00040649500442668796
0.00036098196869716048
0.00135608098935335875
0.00021628697868436575
0.00202079501468688250
0.00021338899387046695
0.00202648504637181759
0.00021403603022918105
0.00019389495719224215
0.00103882199618965387
0.00011822202941402793
0.00174135796260088682
0.00011788203846663237
0.00175887299701571465
0.00011784199159592390
0.00011013500625267625
0.00065844698110595345
0.00004541699308902025
0.00065756298135966063
0.00004542601527646184
0.00065106997499242425
0.00004667998291552067
0.00004802003968507051
[46] forward pass time :  0.030037228018045425
0.00169308099430054426
0.00079781998647376895
0.00439578801160678267
0.00079334498150274158
0.00070066796615719795
0.00231127202278003097
0.00040617497870698571
0.00302996300160884857
0.00040619401261210442
0.00036001601256430149
0.00133799901232123375
0.00021506898337975144
0.00201534200459718704
0.00021399697288870811
0.00201574299717321992
0.00021604698849841952
0.00019398599397391081
0.00103624700568616390
0.00011739594629034400
0.00175491103436797857
0.00011740700574591756
0.00175321800634264946
0.00011956901289522648
0.00011014001211151481
0.00064975296845659614
0.00004603096749633551
0.00064629502594470978
0.00004491995787248015
0.00063690100796520710
0.00004597002407535911
0.00004793296102434397
[47] forward pass time :  0.029883501993026584
0.00168301898520439863
0.00079951900988817215
0.00437941600102931261
0.00079185899812728167
0.00069755100412294269
0.00230498099699616432
0.00040736200753599405
0.00304168299771845341
0.00040651601739227772
0.00035954499617218971
0.00134926900500431657
0.00021399400429800153
0.00201340799685567617
0.00021494599059224129
0.00201783998636528850
0.00021266500698402524
0.00019315397366881371
0.00103763304650783539
0.00013355404371395707
0.00174772599712014198
0.00011823896784335375
0.00172747700707986951
0.00011810596333816648
0.00011350802378728986
0.00064662296790629625
0.00004581100074574351
0.00063924101414158940
0.00004535395419225097
0.00062826700741425157
0.00004434696165844798
0.00004737201379612088
[48] forward pass time :  0.02984534000279382
0.00168863200815394521
0.00079919002018868923
0.00440162100130692124
0.00079304998507723212
0.00072173401713371277
0.00237870402634143829
0.00045732595026493073
0.00305753899738192558
0.00040797400288283825
0.00037952297134324908
0.00134937098482623696
0.00021558103617280722
0.00201481295516714454
0.00021314399782568216
0.00202180002816021442
0.00021355197532102466
0.00019451801199465990
0.00103932700585573912
0.00011822703527286649
0.00172878097509965301
0.00011806498514488339
0.00172962999204173684
0.00011883099796250463
0.00011091999476775527
0.00063985603628680110
0.00004716397961601615
0.00064001802820712328
0.00004511995939537883
0.00064608099637553096
0.00004456902388483286
0.00005077698733657598
[49] forward pass time :  0.03010752296540886
0.00169412000104784966
0.00079852499766275287
0.00439385400386527181
0.00079429097240790725
0.00070013001095503569
0.00231493200408294797
0.00040838000131770968
0.00302735803415998816
0.00040688598528504372
0.00036064302548766136
0.00134962995070964098
0.00022803799947723746
0.00202582101337611675
0.00021455000387504697
0.00202356796944513917
0.00021493498934432864
0.00019375403644517064
0.00116045301547273993
0.00016135198529809713
0.00176408002153038979
0.00011851399904116988
0.00174361601239070296
0.00011863000690937042
0.00011297099990770221
0.00064710900187492371
0.00004576100036501884
0.00064365100115537643
0.00004561099922284484
0.00063358701299875975
0.00004468002589419484
0.00004865799564868212
[50] forward pass time :  0.030100113013759255
Finished Training
