0.00701775500783696771
0.00311036902712658048
0.01808320003328844905
0.00309563602786511183
0.00269698398187756538
0.00952422100817784667
0.00155447097495198250
0.01263310201466083527
0.00155313598224893212
0.00135341699933633208
0.00556138501269742846
0.00078614801168441772
0.00836472399532794952
0.00078629999188706279
0.00832967599853873253
0.00078541197581216693
0.00068897899473085999
0.00375483703101053834
0.00040378404082730412
0.00622632895829156041
0.00040453497786074877
0.00626268901396542788
0.00041892402805387974
0.00035860895877704024
0.00208151800325140357
0.00011651602108031511
0.00209013000130653381
0.00011676596477627754
0.00207766698440536857
0.00011637900024652481
0.00010891497367992997
[5] forward pass time :  0.11272845201892778
0.00705518404720351100
0.00310916296439245343
0.01806995802326127887
0.00309760402888059616
0.00269575696438550949
0.00953058304730802774
0.00155814300524070859
0.01245757902506738901
0.00155455898493528366
0.00135395600227639079
0.00550394499441608787
0.00078683998435735703
0.00826470402535051107
0.00080141500802710652
0.00826788897393271327
0.00078809901606291533
0.00069046800490468740
0.00375130097381770611
0.00040453101973980665
0.00619272200856357813
0.00040467805229127407
0.00620645302115008235
0.00040303700370714068
0.00035742996260523796
0.00208289304282516241
0.00011795695172622800
0.00208251096773892641
0.00011593202361837029
0.00207801198121160269
0.00011699803872033954
0.00010951800504699349
[6] forward pass time :  0.11226514598820359
0.00704503298038616776
0.00314141699345782399
0.01810537197161465883
0.00310538697522133589
0.00271682103630155325
0.00953546696109697223
0.00155634898692369461
0.01267720095347613096
0.00155504798749461770
0.00135744304861873388
0.00551436498062685132
0.00079202197957783937
0.00831126101547852159
0.00079002603888511658
0.00827198795741423965
0.00079072598600760102
0.00069499900564551353
0.00374702701810747385
0.00040969601832330227
0.00623291300144046545
0.00040754594374448061
0.00635922199580818415
0.00040810601785778999
0.00036335800541564822
0.00207574397791177034
0.00012320798123255372
0.00207572797080501914
0.00012068601790815592
0.00206843001069501042
0.00012019695714116096
0.00011556001845747232
[7] forward pass time :  0.11320976103888825
0.00709213502705097198
0.00312229897826910019
0.01805093802977353334
0.00310046703089028597
0.00271810899721458554
0.00950896699214354157
0.00155362195800989866
0.01255697297165170312
0.00155458098743110895
0.00135166599648073316
0.00555433199042454362
0.00078792200656607747
0.00839014898519963026
0.00078588002361357212
0.00831068900879472494
0.00078565801959484816
0.00068957399344071746
0.00376951799262315035
0.00041057902853935957
0.00623801903566345572
0.00040436303243041039
0.00629941601073369384
0.00040647701825946569
0.00036038900725543499
0.00206721300492063165
0.00011915300274267793
0.00207325804512947798
0.00011659000301733613
0.00205944204935804009
0.00011835899204015732
0.00011152500519528985
[8] forward pass time :  0.11276762397028506
0.00708079198375344276
0.00311061501270160079
0.01805305399466305971
0.00308238301659002900
0.00268839299678802490
0.00954294996336102486
0.00155222695320844650
0.01257501903455704451
0.00155191996600478888
0.00135356897953897715
0.00550168403424322605
0.00078876502811908722
0.00824498600559309125
0.00078754499554634094
0.00823753303848206997
0.00078813399886712432
0.00069001200608909130
0.00373018794925883412
0.00040462700417265296
0.00633485399885103106
0.00040478399023413658
0.00634458201238885522
0.00040267198346555233
0.00035802903585135937
0.00206106301629915833
0.00011612998787313700
0.00207276898436248302
0.00011838803766295314
0.00210402201628312469
0.00011683400953188539
0.00011079502291977406
[9] forward pass time :  0.11260956700425595
0.00705749401822686195
0.00310940801864489913
0.01805716200033202767
0.00309996097348630428
0.00268274499103426933
0.00950163300149142742
0.00155049498425796628
0.01260549499420449138
0.00155242200708016753
0.00135178701020777225
0.00550606701290234923
0.00078623101580888033
0.00826231401879340410
0.00078694103285670280
0.00827535602729767561
0.00078685500193387270
0.00068940996425226331
0.00375016097677871585
0.00040459801675751805
0.00629159901291131973
0.00040409999201074243
0.00631207699188962579
0.00040263502160087228
0.00035863299854099751
0.00205240899231284857
0.00011710199760273099
0.00207160500576719642
0.00012014899402856827
0.00205042201559990644
0.00011688302038237453
0.00011079199612140656
[10] forward pass time :  0.11255153903039172
0.00700841698562726378
0.00311028602300211787
0.01806905900593847036
0.00307847600197419524
0.00268271600361913443
0.00953047903021797538
0.00155095598893240094
0.01265638199402019382
0.00155018398072570562
0.00135030900128185749
0.00551411701599135995
0.00078784901415929198
0.00831429101526737213
0.00078674498945474625
0.00833116204012185335
0.00078517600195482373
0.00068882398772984743
0.00379422202240675688
0.00040463299956172705
0.00630576303228735924
0.00040331302443519235
0.00631279998924583197
0.00040362996514886618
0.00035803503124043345
0.00205497699789702892
0.00011765502858906984
0.00205780402757227421
0.00011555798118934035
0.00208303896943107247
0.00011807301780208945
0.00010989699512720108
[11] forward pass time :  0.11272460100008175
0.00702595396433025599
0.00311200402211397886
0.01807713601738214493
0.00308053597109392285
0.00268501200480386615
0.00954599701799452305
0.00155102502321824431
0.01253762701526284218
0.00154943001689389348
0.00135237502399832010
0.00552432995755225420
0.00079261104110628366
0.00823798798955976963
0.00078929902520030737
0.00823108898475766182
0.00078781100455671549
0.00069065799470990896
0.00380777800455689430
0.00040428101783618331
0.00633174902759492397
0.00040411000372841954
0.00633255200227722526
0.00040319602703675628
0.00035998999373987317
0.00206769799115136266
0.00011776399333029985
0.00211425701854750514
0.00011753605213016272
0.00210715096909552813
0.00011602201266214252
0.00010888598626479506
[12] forward pass time :  0.11269823601469398
0.00702694896608591080
0.00310983700910583138
0.01809136301744729280
0.00309918902348726988
0.00269773200852796435
0.00953960500191897154
0.00155086896847933531
0.01261999103007838130
0.00154947704868391156
0.00134976202389225364
0.00556451198644936085
0.00078559300163760781
0.00834076997125521302
0.00078622600995004177
0.00830589100951328874
0.00078549300087615848
0.00068879395257681608
0.00375999696552753448
0.00040443497709929943
0.00623557396465912461
0.00040408701170235872
0.00628269498702138662
0.00040278601227328181
0.00035830802517011762
0.00205581902991980314
0.00011770799756050110
0.00206030800472944975
0.00011619098950177431
0.00204866996500641108
0.00011557398829609156
0.00010945403482764959
[13] forward pass time :  0.11263511702418327
0.00705294002545997500
0.00312014902010560036
0.01804399798857048154
0.00309694703901186585
0.00270686298608779907
0.00949355703778564930
0.00155349302804097533
0.01255065097939223051
0.00155147095210850239
0.00135103700449690223
0.00554653099970892072
0.00078535196371376514
0.00833213597070425749
0.00078560301335528493
0.00831988401478156447
0.00078629801282659173
0.00068855698918923736
0.00377120100893080235
0.00040352798532694578
0.00621863000560551882
0.00040382397128269076
0.00625199195928871632
0.00040374998934566975
0.00035820598714053631
0.00207980698905885220
0.00011759297922253609
0.00208591803675517440
0.00011713500134646893
0.00207554100779816508
0.00011630397057160735
0.00010959303472191095
[14] forward pass time :  0.11255892500048503
0.00716054299846291542
0.00312611600384116173
0.01808674202766269445
0.00310082704527303576
0.00272831501206383109
0.00951571401674300432
0.00155471899779513478
0.01265185797819867730
0.00155066396109759808
0.00135350099299103022
0.00556588300969451666
0.00078677100827917457
0.00834003399359062314
0.00078646099427714944
0.00833638699259608984
0.00079084199387580156
0.00069184502353891730
0.00376127101480960846
0.00040686299325898290
0.00624823599355295300
0.00040454400004819036
0.00634521496249362826
0.00040633400203660131
0.00036006298614665866
0.00206850504036992788
0.00011729600373655558
0.00207690201932564378
0.00011710799299180508
0.00205777003429830074
0.00011658796574920416
0.00010912999277934432
[15] forward pass time :  0.11307077103992924
0.00702663400443270802
0.00311180698918178678
0.01805846404749900103
0.00308020302327349782
0.00268775899894535542
0.00950610596919432282
0.00155258498853072524
0.01258754398440942168
0.00154967501293867826
0.00135074200807139277
0.00551154598360881209
0.00078686501365154982
0.00826057797530665994
0.00078678998397663236
0.00826343201333656907
0.00078626198228448629
0.00068898301105946302
0.00380644202232360840
0.00040417100535705686
0.00637398404069244862
0.00040501100011169910
0.00640848500188440084
0.00040371099021285772
0.00036792596802115440
0.00208108802326023579
0.00011645100312307477
0.00210534204961732030
0.00011644099140539765
0.00210771901765838265
0.00011573900701478124
0.00010901002679020166
[16] forward pass time :  0.1128196160425432
0.00712330802343785763
0.00312639301409944892
0.01815185003215447068
0.00308045698329806328
0.00270236999494954944
0.00950893398839980364
0.00155210000229999423
0.01251103903632611036
0.00155248696682974696
0.00135371601209044456
0.00549926998792216182
0.00078771699918434024
0.00827310798922553658
0.00079352199099957943
0.00828534900210797787
0.00078828202094882727
0.00069145701127126813
0.00375496101332828403
0.00040609296411275864
0.00635767396306619048
0.00040471699321642518
0.00634576502488926053
0.00040442898171022534
0.00035859103081747890
0.00207191903609782457
0.00011713901767507195
0.00207328196847811341
0.00011613802053034306
0.00210702401818707585
0.00011751201236620545
0.00011048000305891037
[17] forward pass time :  0.11285592202330008
0.00710909598274156451
0.00312522501917555928
0.01808732497738674283
0.00310093304142355919
0.00271932099713012576
0.00953047198709100485
0.00155584001913666725
0.01251671899808570743
0.00155172398081049323
0.00135096703888848424
0.00553782301722094417
0.00078736600698903203
0.00835995899979025126
0.00078626000322401524
0.00836032198276370764
0.00078583101276308298
0.00068905198713764548
0.00378047802951186895
0.00040677300421521068
0.00627465097932145000
0.00040323898429051042
0.00634423497831448913
0.00040578399784862995
0.00035924097755923867
0.00209624500712379813
0.00011837796773761511
0.00209536304464563727
0.00011637399438768625
0.00208315101917833090
0.00011658400762826204
0.00011025601997971535
[18] forward pass time :  0.11299423302989453
0.00703227898338809609
0.00311254797270521522
0.01808153197634965181
0.00309404404833912849
0.00268512999173253775
0.00952510803472250700
0.00154996901983395219
0.01260769797954708338
0.00155105598969385028
0.00135114503791555762
0.00550554803339764476
0.00078682601451873779
0.00827809795737266541
0.00078605202725157142
0.00826331798452883959
0.00078614300582557917
0.00068928702967241406
0.00374468200607225299
0.00040508998790755868
0.00630753498990088701
0.00040396000258624554
0.00630234496202319860
0.00040372600778937340
0.00035852898145094514
0.00205487100174650550
0.00011955300578847528
0.00206074502784758806
0.00011618196731433272
0.00204839697107672691
0.00011709000682458282
0.00011049601016566157
[19] forward pass time :  0.11252425197744742
0.00705445499625056982
0.00311066198628395796
0.01809158001560717821
0.00307927303947508335
0.00268612999934703112
0.00952670502010732889
0.00155082897981628776
0.01257967296987771988
0.00155029899906367064
0.00135094398865476251
0.00553103699348866940
0.00078687601489946246
0.00825403496855869889
0.00078611896606162190
0.00827540399041026831
0.00078597199171781540
0.00068796100094914436
0.00376268301624804735
0.00040471396641805768
0.00633683096384629607
0.00040303403511643410
0.00635359494481235743
0.00040404900209978223
0.00035864504752680659
0.00207223399775102735
0.00011676800204440951
0.00206859805621206760
0.00011687999358400702
0.00210766104282811284
0.00011651997920125723
0.00011003803228959441
[20] forward pass time :  0.11273699096636847
0.00705860304879024625
0.00311119901016354561
0.01813786796992644668
0.00309080403530970216
0.00269286299590021372
0.00952007103478536010
0.00155174400424584746
0.01256485900375992060
0.00156062300084158778
0.00135029904777184129
0.00550233200192451477
0.00078748801024630666
0.00827621197095140815
0.00078587298048660159
0.00827890494838356972
0.00078633200610056520
0.00068908103276044130
0.00377661205129697919
0.00040494202403351665
0.00627628003712743521
0.00041129195597022772
0.00627987994812428951
0.00040483794873580337
0.00035885302349925041
0.00204978400142863393
0.00012855202658101916
0.00211769697489216924
0.00011684698984026909
0.00210304599022492766
0.00011675496352836490
0.00010928499978035688
[21] forward pass time :  0.11276526103029028
0.00700620998395606875
0.00311043002875521779
0.01807947200722992420
0.00309650099370628595
0.00268809398403391242
0.00949704903177917004
0.00155103200813755393
0.01272715802770107985
0.00155024201376363635
0.00135195697657763958
0.00553076399955898523
0.00078592397039756179
0.00830322498222813010
0.00079330499283969402
0.00831703003495931625
0.00078698497964069247
0.00068926700623705983
0.00376340100774541497
0.00040481402538716793
0.00633580697467550635
0.00040419597644358873
0.00639516598312184215
0.00040362303843721747
0.00035906198900192976
0.00208190799457952380
0.00011716497829183936
0.00208258203929290175
0.00011814298341050744
0.00207695103017613292
0.00011776603059843183
0.00011023099068552256
[22] forward pass time :  0.11290152696892619
0.00704861298436298966
0.00311183201847597957
0.01807752298191189766
0.00309733202448114753
0.00269711902365088463
0.00952176604187116027
0.00155145197641104460
0.01254175504436716437
0.00154968799324706197
0.00134872802300378680
0.00558255298528820276
0.00078790500992909074
0.00839967897627502680
0.00078493199544027448
0.00839516799896955490
0.00078516703797504306
0.00068810896482318640
0.00380187499104067683
0.00040429801447317004
0.00629044603556394577
0.00040343101136386395
0.00639186799526214600
0.00040416896808892488
0.00035715801641345024
0.00208768801530823112
0.00011828402057290077
0.00210123101714998484
0.00011644000187516212
0.00208383996505290270
0.00011699699098244309
0.00011096702655777335
[23] forward pass time :  0.11303826497169212
0.00703743001213297248
0.00310918397735804319
0.01808323099976405501
0.00309612497221678495
0.00268944096751511097
0.00951554696075618267
0.00155015703057870269
0.01273920602397993207
0.00155001401435583830
0.00135096395388245583
0.00557843199931085110
0.00078694702824577689
0.00835165800526738167
0.00078574998769909143
0.00838469498557969928
0.00078624300658702850
0.00068963604280725121
0.00379214901477098465
0.00040435697883367538
0.00636217801366001368
0.00040386599721387029
0.00642309099202975631
0.00040258001536130905
0.00035697297425940633
0.00208692502928897738
0.00011795700993388891
0.00209424301283434033
0.00011793995508924127
0.00208549801027402282
0.00011634605471044779
0.00011042499681934714
[24] forward pass time :  0.11322911200113595
0.00699383497703820467
0.00311648403294384480
0.01815289497608318925
0.00309715396724641323
0.00271050294395536184
0.00951021700166165829
0.00155142601579427719
0.01273389102425426245
0.00154994695913046598
0.00134972698288038373
0.00561226299032568932
0.00078579201363027096
0.00838561699492856860
0.00078714103437960148
0.00838716904399916530
0.00078646402107551694
0.00068849301896989346
0.00379334698664024472
0.00040460901800543070
0.00629394600400701165
0.00040459894808009267
0.00639878102811053395
0.00040305196307599545
0.00035825400846078992
0.00208969501545652747
0.00011718302266672254
0.00209029600955545902
0.00011808500858023763
0.00208063703030347824
0.00011674099368974566
0.00011013599578291178
[25] forward pass time :  0.1132729270029813
0.00704405404394492507
0.00311478896765038371
0.01814664999255910516
0.00307856599101796746
0.00269006198504939675
0.00953436898998916149
0.00155058299424126744
0.01261448400327935815
0.00155354698654264212
0.00135144998785108328
0.00555328198242932558
0.00078807701356709003
0.00829478300875052810
0.00078519299859181046
0.00830728199798613787
0.00079374399501830339
0.00068865099456161261
0.00381467200350016356
0.00040374498348683119
0.00633809401188045740
0.00040268799057230353
0.00633905397262424231
0.00040282402187585831
0.00035677000414580107
0.00210148899350315332
0.00011739000910893083
0.00211695395410060883
0.00011498300591483712
0.00211090198718011379
0.00011622998863458633
0.00010801397729665041
[26] forward pass time :  0.11304245301289484
0.00711136299651116133
0.00312296696938574314
0.01812089799204841256
0.00310144299874082208
0.00271127198357135057
0.00952958100242540240
0.00155182596063241363
0.01273340400075539947
0.00155219400767236948
0.00135243800468742847
0.00555067602545022964
0.00079144199844449759
0.00838333502179011703
0.00078560999827459455
0.00837539398344233632
0.00078410399146378040
0.00068979000207036734
0.00377901300089433789
0.00040584499947726727
0.00637061597080901265
0.00040299497777596116
0.00647525599924847484
0.00040552701102569699
0.00035847700200974941
0.00211478798883035779
0.00011745997471734881
0.00211552402470260859
0.00011626799823716283
0.00210113299544900656
0.00011811801232397556
0.00011014798656105995
[27] forward pass time :  0.11358231102349237
0.00708724203286692500
0.00310845801141113043
0.01813613699050620198
0.00309270399156957865
0.00269334501354023814
0.00951993500348180532
0.00155187497148290277
0.01255148800555616617
0.00155061297118663788
0.00135077902814373374
0.00554828898748382926
0.00078596203820779920
0.00834577798377722502
0.00078578997636213899
0.00836115598212927580
0.00078525900607928634
0.00068797898711636662
0.00378622196149080992
0.00040366000030189753
0.00627665204228833318
0.00040397903649136424
0.00626992102479562163
0.00040253304177895188
0.00035689701326191425
0.00211706000845879316
0.00011727504897862673
0.00211155501892790198
0.00011820101644843817
0.00210552499629557133
0.00011625100160017610
0.00011007499415427446
[28] forward pass time :  0.1129805069649592
0.00703039503423497081
0.00310962402727454901
0.01811962696956470609
0.00309429998742416501
0.00269625504733994603
0.00949418905656784773
0.00155205803457647562
0.01252337999176234007
0.00155044498387724161
0.00135233101900666952
0.00554286799160763621
0.00078582303831353784
0.00836949597578495741
0.00078672799281775951
0.00837378500727936625
0.00078610499622300267
0.00068907800596207380
0.00379161897581070662
0.00040460302261635661
0.00626872701104730368
0.00040388602064922452
0.00630053202621638775
0.00040762498974800110
0.00037452700780704618
0.00210862798849120736
0.00011700298637151718
0.00211206800304353237
0.00011739897308871150
0.00210045999847352505
0.00011608900967985392
0.00010908400872722268
[29] forward pass time :  0.11289856396615505
0.00705526798265054822
0.00310651096515357494
0.01808509801048785448
0.00309539400041103363
0.00269521604059264064
0.00953788094921037555
0.00155127397738397121
0.01257398299640044570
0.00155003502732142806
0.00134870701003819704
0.00558340002316981554
0.00078557798406109214
0.00842423300491645932
0.00078581302659586072
0.00837680796394124627
0.00078524497803300619
0.00068930798443034291
0.00380374299129471183
0.00040824100142344832
0.00630549795459955931
0.00040400901343673468
0.00638274900848045945
0.00040325795998796821
0.00035733898403123021
0.00208154501160606742
0.00011868600267916918
0.00208510796073824167
0.00011667399667203426
0.00207951699849218130
0.00011751800775527954
0.00011054804781451821
[30] forward pass time :  0.11306527000851929
0.00702396396081894636
0.00310964800883084536
0.01808773801894858479
0.00309446605388075113
0.00268298998707905412
0.00950570800341665745
0.00155046000145375729
0.01262849301565438509
0.00154957402264699340
0.00135135697200894356
0.00554078503046184778
0.00078649696661159396
0.00826808100100606680
0.00078644201857969165
0.00831299100536853075
0.00078629399649798870
0.00068959203781560063
0.00375735701527446508
0.00040388701017946005
0.00634299794910475612
0.00040403299499303102
0.00634156900923699141
0.00040296296356245875
0.00035714398836717010
0.00206574401818215847
0.00011832104064524174
0.00208031502552330494
0.00013393099652603269
0.00206314894603565335
0.00011656596325337887
0.00010944600217044353
[31] forward pass time :  0.11275202000979334
0.00704310199944302440
0.00311094499193131924
0.01807801896939054132
0.00308708101511001587
0.00269263499649241567
0.00949964398751035333
0.00155181705486029387
0.01262910099467262626
0.00155073002679273486
0.00135438697179779410
0.00554585299687460065
0.00078743702033534646
0.00830438901903107762
0.00078631500946357846
0.00831317296251654625
0.00078892300371080637
0.00068984297104179859
0.00378598796669393778
0.00041564699495211244
0.00629062799271196127
0.00040447502397000790
0.00628611602587625384
0.00040351599454879761
0.00035792205017060041
0.00211814802605658770
0.00011800497304648161
0.00212265702430158854
0.00011604296742007136
0.00212818401632830501
0.00011630600783973932
0.00010936101898550987
[32] forward pass time :  0.11297598102828488
0.00708402798045426607
0.00311024801339954138
0.01809682999737560749
0.00309645396191626787
0.00271468696882948279
0.00977461104048416018
0.00162492797244340181
0.01277916802791878581
0.00155269698007032275
0.00136450998252257705
0.00551387900486588478
0.00078826601384207606
0.00830693700117990375
0.00078701699385419488
0.00831058900803327560
0.00078674597898498178
0.00069033802719786763
0.00375292199896648526
0.00040508300298824906
0.00634340802207589149
0.00040418998105451465
0.00634243001695722342
0.00040538696339353919
0.00035921001108363271
0.00206268200417980552
0.00011798698687925935
0.00206627603620290756
0.00011767901014536619
0.00206007104134187102
0.00011857098434120417
0.00011059298412874341
[33] forward pass time :  0.11342186998808756
0.00707415200304239988
0.00311930000316351652
0.01812378200702369213
0.00308178697014227509
0.00269723997917026281
0.00952060997951775789
0.00155298900790512562
0.01264416298363357782
0.00155037501826882362
0.00135244597913697362
0.00560062396107241511
0.00078737904550507665
0.00831869698595255613
0.00079044501762837172
0.00830806704470887780
0.00078705599298700690
0.00068948697298765182
0.00383172504371032119
0.00040600000647827983
0.00639092398341745138
0.00040393695235252380
0.00639821897493675351
0.00040443398756906390
0.00035878299968317151
0.00208940199809148908
0.00011854595504701138
0.00211900396971032023
0.00011769001139327884
0.00211455696262419224
0.00011674599954858422
0.00011039600940421224
[34] forward pass time :  0.11334374797297642
0.00704650301486253738
0.00311820203205570579
0.01814305799780413508
0.00316624599508941174
0.00270934303989633918
0.00953602499794214964
0.00155179598368704319
0.01264265499776229262
0.00154996197670698166
0.00135216297348961234
0.00552510999841615558
0.00078625499736517668
0.00832462502876296639
0.00078576797386631370
0.00829659996088594198
0.00078551098704338074
0.00068909896072000265
0.00376550800865516067
0.00040646101115271449
0.00635377602884545922
0.00040324399014934897
0.00634029001230373979
0.00040556397289037704
0.00035945599665865302
0.00206500000786036253
0.00011725496733561158
0.00206891098059713840
0.00011625199113041162
0.00206059502670541406
0.00011684698984026909
0.00010967499110847712
[35] forward pass time :  0.11303704703459516
0.00701783399563282728
0.00310994300525635481
0.01818479096982628107
0.00307909800903871655
0.00268519896781072021
0.00948204495944082737
0.00155065202852711082
0.01261762902140617371
0.00155194598482921720
0.00135176599724218249
0.00555747700855135918
0.00078686996130272746
0.00830038095591589808
0.00078587303869426250
0.00832564901793375611
0.00078509800368919969
0.00068785203620791435
0.00382254901342093945
0.00040356203680858016
0.00633502600248903036
0.00040367397014051676
0.00634358602110296488
0.00040450098458677530
0.00035869400016963482
0.00210333801805973053
0.00011642702156677842
0.00212072796421125531
0.00011651200475171208
0.00210994901135563850
0.00011604599421843886
0.00010935298632830381
[36] forward pass time :  0.11306215601507574
0.00707973801763728261
0.00311379000777378678
0.01812840398633852601
0.00307913497090339661
0.00270157802151516080
0.00948231603251770139
0.00155063503189012408
0.01259721297537907958
0.00155123200966045260
0.00135029503144323826
0.00555359199643135071
0.00078717403812333941
0.00835682102479040623
0.00078689400106668472
0.00836951995734125376
0.00078654498793184757
0.00068847701186314225
0.00379395601339638233
0.00040458200965076685
0.00633401301456615329
0.00040479801828041673
0.00634801096748560667
0.00040344899753108621
0.00035955803468823433
0.00207179802237078547
0.00011753803119063377
0.00207195495022460818
0.00011738197645172477
0.00211340503301471472
0.00011645699851214886
0.00011017598444595933
[37] forward pass time :  0.11307994095841423
0.00704697699984535575
0.00311024603433907032
0.01806965097784996033
0.00308913603657856584
0.00268275104463100433
0.00953236297937110066
0.00155057699885219336
0.01265532698016613722
0.00154930597636848688
0.00136142899282276630
0.00553706899518147111
0.00078745500650256872
0.00834664097055792809
0.00078639097046107054
0.00836162298219278455
0.00078518799273297191
0.00068880803883075714
0.00378078001085668802
0.00040505704237148166
0.00634785799775272608
0.00040364800952374935
0.00634448201162740588
0.00040435802657157183
0.00035893998574465513
0.00207346299430355430
0.00011755805462598801
0.00206900999182835221
0.00011661904864013195
0.00206496397731825709
0.00011739699402824044
0.00010990898590534925
[38] forward pass time :  0.11300777801079676
0.00705326901515945792
0.00310458999592810869
0.01823213096940889955
0.00307876698207110167
0.00268418999621644616
0.00953990296693518758
0.00155137601541355252
0.01260750304209068418
0.00154982699314132333
0.00135002302704378963
0.00554998399456962943
0.00078605400631204247
0.00830311200115829706
0.00078631000360473990
0.00830309197772294283
0.00078570097684860229
0.00068759702844545245
0.00381900195498019457
0.00040428398642688990
0.00633902195841073990
0.00040488602826371789
0.00635550898732617497
0.00040316104423254728
0.00035964499693363905
0.00210409698775038123
0.00011720904149115086
0.00213712599361315370
0.00011671305401250720
0.00213266600621864200
0.00011627998901531100
0.00010936200851574540
[39] forward pass time :  0.11322705296333879
0.00704967102501541376
0.00310952600557357073
0.01808845100458711386
0.00310345296747982502
0.00269705697428435087
0.00951687502674758434
0.00155023299157619476
0.01268859097035601735
0.00154956296319141984
0.00134959601564332843
0.00558989198179915547
0.00078561098780483007
0.00837474502623081207
0.00078540999675169587
0.00837927596876397729
0.00078627601033076644
0.00068812799872830510
0.00378424499649554491
0.00040492805419489741
0.00627825397532433271
0.00040396995609626174
0.00634337496012449265
0.00040369998896494508
0.00035763496998697519
0.00206480803899466991
0.00011711998376995325
0.00207167497137561440
0.00011707097291946411
0.00206083798548206687
0.00011596002150326967
0.00010966794798150659
[40] forward pass time :  0.11297253303928301
0.00706288602668792009
0.00310985802207142115
0.01810591999674215913
0.00309602101333439350
0.00269957497948780656
0.00951514695771038532
0.00155097403330728412
0.01273115701042115688
0.00154930498683825135
0.00134996295673772693
0.00558662298135459423
0.00078634900273755193
0.00837783102178946137
0.00078510103048756719
0.00834986503468826413
0.00078576197847723961
0.00068871601251885295
0.00377797702094540000
0.00040541996713727713
0.00628734298516064882
0.00040437601273879409
0.00639383197994902730
0.00040381395956501365
0.00035783601924777031
0.00208440294954925776
0.00011812394950538874
0.00208397203823551536
0.00011647498467937112
0.00207757798489183187
0.00011730298865586519
0.00010960601503029466
[41] forward pass time :  0.11313727701781318
0.00703671202063560486
0.00311007001437246799
0.01810268999543040991
0.00308363803196698427
0.00268374098232015967
0.00951966800494119525
0.00154963304521515965
0.01265563600463792682
0.00155017798533663154
0.00135149300331249833
0.00556340697221457958
0.00078586599556729198
0.00837453699205070734
0.00078618602128699422
0.00834871002007275820
0.00078646501060575247
0.00068864598870277405
0.00378978101070970297
0.00040312903001904488
0.00634024298051372170
0.00040411099325865507
0.00634894997347146273
0.00040295498911291361
0.00035920605296269059
0.00205973500851541758
0.00011898798402398825
0.00207095599034801126
0.00011582695879042149
0.00209888495737686753
0.00011723296483978629
0.00011083501158282161
[42] forward pass time :  0.1130673959851265
0.00702194799669086933
0.00311344995861873031
0.01810094300890341401
0.00307855400023981929
0.00268342701019719243
0.00952348002465441823
0.00155056902440264821
0.01262340694665908813
0.00155736703891307116
0.00135113397845998406
0.00558332301443442702
0.00078821805072948337
0.00831021304475143552
0.00078581902198493481
0.00831548101268708706
0.00078647903865203261
0.00068961002398282290
0.00382863200502470136
0.00040488096419721842
0.00642587605398148298
0.00040299905231222510
0.00643006898462772369
0.00040386198088526726
0.00035786203807219863
0.00209447398083284497
0.00011753302533179522
0.00213688699295744300
0.00011573702795431018
0.00213305302895605564
0.00011671200627461076
0.00010918005136772990
[43] forward pass time :  0.11334642901783809
0.00705819699214771390
0.00311372301075607538
0.01807463401928544044
0.00309639202896505594
0.00268410902936011553
0.00953005399787798524
0.00155029102461412549
0.01266206096624955535
0.00154935201862826943
0.00135237595532089472
0.00554525700863450766
0.00078638602280989289
0.00836118799634277821
0.00078670599032193422
0.00837118498748168349
0.00078551302431151271
0.00068814202677458525
0.00378779199672862887
0.00040510296821594238
0.00638401001924648881
0.00040270801400765777
0.00640423299046233296
0.00042375503107905388
0.00036670605186372995
0.00209604599513113499
0.00011865101987496018
0.00208604696672409773
0.00011582497972995043
0.00207665702328085899
0.00011737301247194409
0.00011050299508497119
[44] forward pass time :  0.11324046301888302
0.00712846301030367613
0.00312063301680609584
0.01827128900913521647
0.00309416197706013918
0.00271310604875907302
0.00953552895225584507
0.00155082298442721367
0.01278091402491554618
0.00155098096001893282
0.00134992902167141438
0.00558377103880047798
0.00078670302173122764
0.00841018499340862036
0.00078676495468243957
0.00839967001229524612
0.00078549497993662953
0.00068921595811843872
0.00380027596838772297
0.00040688901208341122
0.00632311200024560094
0.00040350999915972352
0.00639797101030126214
0.00040563597576692700
0.00035872997250407934
0.00207988300826400518
0.00011782901128754020
0.00208446697797626257
0.00011626398190855980
0.00207495101494714618
0.00011799199273809791
0.00010990997543558478
[45] forward pass time :  0.11364539299393073
0.00709038600325584412
0.00310838699806481600
0.01813700998900458217
0.00308048696024343371
0.00268210499780252576
0.00951280404115095735
0.00154895399464294314
0.01264889299636706710
0.00155050796456634998
0.00134979200083762407
0.00559062097454443574
0.00078635400859639049
0.00837584695545956492
0.00078684900654479861
0.00837627000873908401
0.00078547099838033319
0.00069920800160616636
0.00380476698046550155
0.00040523399366065860
0.00637305900454521179
0.00040285300929099321
0.00638078898191452026
0.00040383101440966129
0.00035900401417165995
0.00207991199567914009
0.00011749600525945425
0.00208792398916557431
0.00011640897719189525
0.00212069804547354579
0.00011609098874032497
0.00011009804438799620
[46] forward pass time :  0.11333463597111404
0.00703795399749651551
0.00310703803552314639
0.01819741900544613600
0.00308057502843439579
0.00268793298164382577
0.00953338196268305182
0.00155161798465996981
0.01265916100237518549
0.00154956697952002287
0.00134919804986566305
0.00557652401039376855
0.00079157296568155289
0.00837188598234206438
0.00086491496767848730
0.00856708700302988291
0.00079347501741722226
0.00070414697984233499
0.00380314397625625134
0.00040893896948546171
0.00631640700157731771
0.00040905602509155869
0.00631846499163657427
0.00040817295666784048
0.00036264199297875166
0.00213181402068585157
0.00012191303540021181
0.00213268998777493834
0.00012112699914723635
0.00212924298830330372
0.00012120197061449289
0.00011473498307168484
[47] forward pass time :  0.11371067503932863
0.00704986200435087085
0.00310715800151228905
0.01812026300467550755
0.00309417798416689038
0.00268634501844644547
0.00953901198226958513
0.00154824502533301711
0.01275032904231920838
0.00154944299720227718
0.00134892400819808245
0.00557041302090510726
0.00078589300392195582
0.00838934595230966806
0.00078551896149292588
0.00839368801098316908
0.00078632397344335914
0.00068771000951528549
0.00379435298964381218
0.00040416599949821830
0.00641105801332741976
0.00040387199260294437
0.00646287499694153666
0.00040247302968055010
0.00035721098538488150
0.00210423395037651062
0.00011926202569156885
0.00210934196365997195
0.00011653796536847949
0.00209925597300752997
0.00011653598630800843
0.00011150096543133259
[48] forward pass time :  0.11352659005206078
0.00704731798032298684
0.00310507800895720720
0.01815932197496294975
0.00309333897894248366
0.00269219098845496774
0.00952623900957405567
0.00154943496454507113
0.01276435202453285456
0.00154886295786127448
0.00134780904045328498
0.00557100004516541958
0.00078622699948027730
0.00841877399943768978
0.00078560999827459455
0.00837110501015558839
0.00078493996988981962
0.00068747199838981032
0.00379336503101512790
0.00040448299841955304
0.00632909103296697140
0.00040359300328418612
0.00643640203634276986
0.00040295498911291361
0.00035733298864215612
0.00209605199052020907
0.00011736503802239895
0.00210101099219173193
0.00011667999206110835
0.00209638901287689805
0.00011578301200643182
0.00010933098383247852
[49] forward pass time :  0.1134135479805991
0.00705275899963453412
0.00310654402710497379
0.01818718505091965199
0.00309460400603711605
0.00268499401863664389
0.00953756400849670172
0.00154906598618254066
0.01276201097061857581
0.00154964701505377889
0.00134858197998255491
0.00556831795256584883
0.00078606099123135209
0.00836611195700243115
0.00078527699224650860
0.00837513705482706428
0.00078504800330847502
0.00068778498098254204
0.00379757699556648731
0.00040514400461688638
0.00638479302870109677
0.00040200597140938044
0.00643737899372354150
0.00040315499063581228
0.00035704299807548523
0.00209603301482275128
0.00011758797336369753
0.00209581200033426285
0.00011611898662522435
0.00209019001340493560
0.00011763896327465773
0.00011014897609129548
[50] forward pass time :  0.11346505000256002
Finished Training
