0.00084249797509983182
0.00041300297016277909
0.00216126401210203767
0.00040621304651722312
0.00036348297726362944
0.00107341096736490726
0.00021512003149837255
0.00165314099285751581
0.00021386798471212387
0.00019433995475992560
0.00114051799755543470
0.00011883804108947515
0.00178122898796573281
0.00011620495934039354
0.00177585997153073549
0.00012020301073789597
0.00011300301412120461
0.00094420596724376082
0.00006986595690250397
0.00159855600213631988
0.00006840500282123685
0.00160168297588825226
0.00006947101792320609
0.00007006799569353461
0.00054384901886805892
0.00002650497481226921
0.00053659098921343684
0.00002527504693716764
0.00053061603102833033
0.00002467300510033965
0.00003139500040560961
[5] forward pass time :  0.020126982999499887
0.00086195400217548013
0.00041660503484308720
0.00216006999835371971
0.00040938996244221926
0.00037093000719323754
0.00106820504879578948
0.00021446001483127475
0.00165375001961365342
0.00021526199998334050
0.00019445497309789062
0.00113939499715343118
0.00011896400246769190
0.00177969998912885785
0.00011751399142667651
0.00177625200012698770
0.00011783099034801126
0.00011119502596557140
0.00094013102352619171
0.00007023604121059179
0.00159384199650958180
0.00007181998807936907
0.00159880000865086913
0.00006872601807117462
0.00006900599692016840
0.00053873198339715600
0.00002735503949224949
0.00053646595915779471
0.00002645497443154454
0.00053444399964064360
0.00002724997466430068
0.00003348902100697160
[6] forward pass time :  0.02019287901930511
0.00084827997488901019
0.00041556602809578180
0.00214958301512524486
0.00041353399865329266
0.00036963098682463169
0.00107546901563182473
0.00021446100436151028
0.00165386300068348646
0.00021424796432256699
0.00019351200899109244
0.00114265701267868280
0.00012255198089405894
0.00178505695657804608
0.00011751498095691204
0.00177991599775850773
0.00011768599506467581
0.00011202302994206548
0.00094059901311993599
0.00006885599577799439
0.00160166400019079447
0.00006829097401350737
0.00159745500423014164
0.00007893500151112676
0.00006774003850296140
0.00054052902851253748
0.00002641498576849699
0.00053362397011369467
0.00002546503674238920
0.00053014297736808658
0.00002490897895768285
0.00003295904025435448
[7] forward pass time :  0.020176246005576104
0.00082836498040705919
0.00041092699393630028
0.00215453200507909060
0.00040577200707048178
0.00036096095573157072
0.00106554699596017599
0.00021424400620162487
0.00165024003945291042
0.00021299405489116907
0.00019252201309427619
0.00113484601024538279
0.00011759303743019700
0.00177640299079939723
0.00011878798250108957
0.00177938799606636167
0.00011632998939603567
0.00010917795589193702
0.00093645200831815600
0.00006991700502112508
0.00159437401453033090
0.00006754498463124037
0.00159826001618057489
0.00006762699922546744
0.00006684398977085948
0.00055812997743487358
0.00002702203346416354
0.00053493498126044869
0.00002554798265919089
0.00053314800607040524
0.00002445903373882174
0.00003163400106132030
[8] forward pass time :  0.02006488695042208
0.00082630501128733158
0.00041203899309039116
0.00215980398934334517
0.00040679902303963900
0.00036190898390486836
0.00106576498365029693
0.00021486001787707210
0.00165935402037575841
0.00021301902597770095
0.00019324501045048237
0.00113749399315565825
0.00011722301132977009
0.00177691696444526315
0.00011691299732774496
0.00177765096304938197
0.00011544401058927178
0.00011045701103284955
0.00093429296975955367
0.00007112597813829780
0.00159581901971250772
0.00006801402196288109
0.00159441900905221701
0.00006813701475039124
0.00008390797302126884
0.00053649197798222303
0.00002752704313024879
0.00052962498739361763
0.00002588698407635093
0.00053096900228410959
0.00002472300548106432
0.00003199599450454116
[9] forward pass time :  0.020070101018063724
0.00084200099809095263
0.00041138700908049941
0.00215238600503653288
0.00040636002086102962
0.00036172202089801431
0.00106884300475940108
0.00021416600793600082
0.00165415398078039289
0.00021412299247458577
0.00019299896666780114
0.00113792100455611944
0.00011883402476087213
0.00177784700645133853
0.00011627597268670797
0.00177660101326182485
0.00011899002129212022
0.00011070497566834092
0.00093995203496888280
0.00006944697815924883
0.00159585301298648119
0.00006915599806234241
0.00159990799147635698
0.00006808002945035696
0.00006776297232136130
0.00053845695219933987
0.00002645200584083796
0.00055208295816555619
0.00002793903695419431
0.00053822598420083523
0.00002591696102172136
0.00003340101102367043
[10] forward pass time :  0.02016742597334087
0.00083222601097077131
0.00041151297045871615
0.00214753102045506239
0.00040727498708292842
0.00036089995410293341
0.00107076799031347036
0.00021316704805940390
0.00164689501980319619
0.00021368201123550534
0.00019343197345733643
0.00113893498200923204
0.00011703802738338709
0.00177887600148096681
0.00011599896242842078
0.00177638098830357194
0.00011732295388355851
0.00011012901086360216
0.00093689502682536840
0.00006812094943597913
0.00159652903676033020
0.00006965897046029568
0.00159747397992759943
0.00006795697845518589
0.00006785301957279444
0.00053978600772097707
0.00002649502130225301
0.00053540000226348639
0.00002518401015549898
0.00052898499416187406
0.00002487300662323833
0.00003125600051134825
[11] forward pass time :  0.02004555700113997
0.00083920004544779658
0.00041121500544250011
0.00215635297354310751
0.00040768401231616735
0.00036145199555903673
0.00106601999141275883
0.00021412596106529236
0.00165582098998129368
0.00021402601851150393
0.00019334000535309315
0.00113567599328234792
0.00011699198512360454
0.00178035598946735263
0.00011771300341933966
0.00177796499338001013
0.00011612096568569541
0.00011038599768653512
0.00093542796093970537
0.00006922701140865684
0.00159527803771197796
0.00007086602272465825
0.00159954105038195848
0.00006838300032541156
0.00006810098420828581
0.00053927995031699538
0.00002711301203817129
0.00053441000636667013
0.00002512597711756825
0.00053356896387413144
0.00002642197068780661
0.00003193004522472620
[12] forward pass time :  0.020076624990906566
0.00084799301112070680
0.00041131698526442051
0.00216629897477105260
0.00040768797043710947
0.00036258198088034987
0.00106400804361328483
0.00021426199236884713
0.00164644798496738076
0.00021380797261372209
0.00019357196288183331
0.00113918597344309092
0.00011799001367762685
0.00177884899312630296
0.00011716200970113277
0.00177907798206433654
0.00011630594963207841
0.00010959996143355966
0.00093876995379105210
0.00007133802864700556
0.00160057301400229335
0.00006924197077751160
0.00159675005124881864
0.00006867200136184692
0.00006785499863326550
0.00053898699115961790
0.00002816197229549289
0.00053321698214858770
0.00002553005469962955
0.00053196697263047099
0.00002533703809604049
0.00003248697612434626
[13] forward pass time :  0.0200956339831464
0.00083706999430432916
0.00041220796993002295
0.00214765698183327913
0.00040632300078868866
0.00036094599636271596
0.00107077596476301551
0.00021427997853606939
0.00165054801618680358
0.00021265598479658365
0.00019307201728224754
0.00113674998283386230
0.00011908402666449547
0.00177791400346904993
0.00011648901272565126
0.00177862198324874043
0.00012596696615219116
0.00011089502368122339
0.00093742698663845658
0.00006917398422956467
0.00159654696471989155
0.00006788602331653237
0.00159594701835885644
0.00006923102773725986
0.00006843899609521031
0.00053964101243764162
0.00002692395355552435
0.00053197098895907402
0.00002455501817166805
0.00052987795788794756
0.00002456299262121320
0.00003057898720726371
[14] forward pass time :  0.02005582395941019
0.00083677202928811312
0.00041095598135143518
0.00215365900658071041
0.00040784897282719612
0.00036072195507586002
0.00106672395486384630
0.00021342199761420488
0.00165187497623264790
0.00021383899729698896
0.00019334303215146065
0.00113937701098620892
0.00011748104589059949
0.00178026099456474185
0.00011769100092351437
0.00177695002639666200
0.00011573301162570715
0.00010924501111730933
0.00093582400586456060
0.00006900099106132984
0.00159658101620152593
0.00006938702426850796
0.00159555504797026515
0.00006834900705143809
0.00006828899495303631
0.00053557800129055977
0.00003293500049039721
0.00053353299153968692
0.00002486602170392871
0.00053045898675918579
0.00002441799733787775
0.00003089394886046648
[15] forward pass time :  0.020054717955645174
0.00084193598013371229
0.00041094800690189004
0.00214930297806859016
0.00040673499461263418
0.00036179198650643229
0.00106784800300374627
0.00021354097407311201
0.00165799504611641169
0.00021333101904019713
0.00019296997925266623
0.00113725301343947649
0.00011834001634269953
0.00177770096343010664
0.00011590903159230947
0.00177734903991222382
0.00011847104178741574
0.00011015695054084063
0.00093797704903408885
0.00006924802437424660
0.00159339897800236940
0.00006837601540610194
0.00159431196516379714
0.00006989197572693229
0.00006819301052019000
0.00054262601770460606
0.00002684100763872266
0.00053153798216953874
0.00002526200842112303
0.00053154997294768691
0.00002478400710970163
0.00003165297675877810
[16] forward pass time :  0.020064265001565218
0.00085030001355335116
0.00041303003672510386
0.00216566695598885417
0.00040604698006063700
0.00036290800198912621
0.00106444401899352670
0.00021485402248799801
0.00164315401343628764
0.00021329795708879828
0.00019363895989954472
0.00113454298116266727
0.00011855200864374638
0.00177763996180146933
0.00011662399629130960
0.00177494494710117579
0.00011608196655288339
0.00011042604455724359
0.00094085099408403039
0.00007012701826170087
0.00159413600340485573
0.00006827001925557852
0.00159341195831075311
0.00006907503120601177
0.00006771599873900414
0.00054197001736611128
0.00002696295268833637
0.00053194299107417464
0.00002499599941074848
0.00053213100181892514
0.00002519600093364716
0.00003159703919664025
[17] forward pass time :  0.02007029898231849
0.00082999700680375099
0.00041004596278071404
0.00215942499926313758
0.00040640099905431271
0.00036147399805486202
0.00107365503208711743
0.00021360500250011683
0.00165225903037935495
0.00021407898748293519
0.00019379600416868925
0.00113773299381136894
0.00011824903776869178
0.00177756603807210922
0.00011910300236195326
0.00178055698052048683
0.00011635798728093505
0.00010971497977152467
0.00093840697081759572
0.00007052201544865966
0.00159700302174314857
0.00006839499110355973
0.00159982999321073294
0.00006804702570661902
0.00006845296593382955
0.00053989799926057458
0.00002800102811306715
0.00053053902229294181
0.00002549099735915661
0.00053262698929756880
0.00002531002974137664
0.00003137503517791629
[18] forward pass time :  0.02007308299653232
0.00086597399786114693
0.00041261903243139386
0.00214546400820836425
0.00040599604835733771
0.00036221899790689349
0.00107105402275919914
0.00021538598230108619
0.00165539898443967104
0.00021353800548240542
0.00019452098058536649
0.00113742402754724026
0.00011954200454056263
0.00177944096503779292
0.00011675897985696793
0.00177622499177232385
0.00011902698315680027
0.00010989798465743661
0.00094189203809946775
0.00006942596519365907
0.00159235100727528334
0.00006808096077293158
0.00159454403910785913
0.00006975000724196434
0.00006862898590043187
0.00054070301121100783
0.00002668297383934259
0.00052728602895513177
0.00002583500463515520
0.00053026003297418356
0.00002505898009985685
0.00003225303953513503
[19] forward pass time :  0.020090430974960327
0.00086391501827165484
0.00041760096792131662
0.00217029004124924541
0.00040750898187980056
0.00037463300395756960
0.00107391999335959554
0.00021404301514849067
0.00166015402646735311
0.00022150401491671801
0.00019804597832262516
0.00115333800204098225
0.00012060801964253187
0.00178334396332502365
0.00011850998271256685
0.00178615999175235629
0.00011698901653289795
0.00011202000314369798
0.00094460800755769014
0.00006909499643370509
0.00160104100359603763
0.00006932899123057723
0.00160158699145540595
0.00006775796646252275
0.00006710301386192441
0.00054508703760802746
0.00002625095658004284
0.00053892901632934809
0.00002404098631814122
0.00053478201152756810
0.00002882798435166478
0.00003382703289389610
[20] forward pass time :  0.02027614798862487
0.00083999603521078825
0.00041143898852169514
0.00215722195571288466
0.00040762795833870769
0.00036705302773043513
0.00107053201645612717
0.00021412200294435024
0.00165828998433426023
0.00021440401906147599
0.00019417196745052934
0.00114000099711120129
0.00011738203465938568
0.00178178597707301378
0.00011967302998527884
0.00178040703758597374
0.00011676998110488057
0.00010988698340952396
0.00093746202765032649
0.00006877398118376732
0.00159618299221619964
0.00007610098691657186
0.00160566699923947453
0.00006924499757587910
0.00006938102887943387
0.00053778302390128374
0.00002610700903460383
0.00053408497478812933
0.00002673402195796371
0.00053389003733173013
0.00002599699655547738
0.00003440800355747342
[21] forward pass time :  0.020163086999673396
0.00083656300557777286
0.00041114701889455318
0.00215746299363672733
0.00040721299592405558
0.00036160502349957824
0.00105918402550742030
0.00021344603737816215
0.00165512098465114832
0.00021458294941112399
0.00019305100431665778
0.00113594799768179655
0.00011692097177729011
0.00177364604314789176
0.00011716998415067792
0.00177838001400232315
0.00011561397695913911
0.00010934600140899420
0.00093783298507332802
0.00006831699283793569
0.00159103894839063287
0.00006905797636136413
0.00159518897999078035
0.00006768800085410476
0.00006671895971521735
0.00053756701527163386
0.00002644001506268978
0.00054775900207459927
0.00002768402919173241
0.00053130596643313766
0.00002553901867941022
0.00003182794898748398
[22] forward pass time :  0.020057146030012518
0.00084459100617095828
0.00041207601316273212
0.00214900600258260965
0.00040763599099591374
0.00036112801171839237
0.00106854899786412716
0.00021374900825321674
0.00165597902378067374
0.00021460303105413914
0.00019366701599210501
0.00114115804899483919
0.00011724996147677302
0.00177512998925521970
0.00011650001397356391
0.00177437200909480453
0.00011666701175272465
0.00010905798990279436
0.00093727500643581152
0.00006804498843848705
0.00159702001838013530
0.00007010402623564005
0.00159794097999110818
0.00006723601836711168
0.00006782496348023415
0.00053585699060931802
0.00002623500768095255
0.00053524097893387079
0.00002460298128426075
0.00053421501070261002
0.00002453103661537170
0.00004810903919860721
[23] forward pass time :  0.020085800962988287
0.00084510899614542723
0.00041127903386950493
0.00215821596793830395
0.00040640099905431271
0.00036195397842675447
0.00107463099993765354
0.00021528202341869473
0.00165418500546365976
0.00021321297390386462
0.00019315001554787159
0.00114072603173553944
0.00011830800212919712
0.00177897198591381311
0.00011773296864703298
0.00178232201142236590
0.00011668901424854994
0.00011013902258127928
0.00093677401309832931
0.00007065304089337587
0.00159394199727103114
0.00006932200631126761
0.00159759900998324156
0.00006776902591809630
0.00006827799370512366
0.00054435600759461522
0.00002802198287099600
0.00053199601825326681
0.00002544099697843194
0.00053574400953948498
0.00002450001193210483
0.00003234500763937831
[24] forward pass time :  0.02010568097466603
0.00084119895473122597
0.00041147496085613966
0.00215909100370481610
0.00040816800901666284
0.00036184501368552446
0.00106917897937819362
0.00021379097597673535
0.00165582401677966118
0.00021523400209844112
0.00019478704780340195
0.00114124896936118603
0.00011778599582612514
0.00177844800055027008
0.00011646200437098742
0.00178063404746353626
0.00011677900329232216
0.00010956998448818922
0.00093613099306821823
0.00006945995846763253
0.00159444700693711638
0.00007098901551216841
0.00159941305173560977
0.00006845296593382955
0.00006815500091761351
0.00054086401360109448
0.00002660899190232158
0.00053284195018932223
0.00002989097265526652
0.00053604197455570102
0.00002584996400400996
0.00003223604289814830
[25] forward pass time :  0.020111407968215644
0.00082937395200133324
0.00041208800394088030
0.00216151395579800010
0.00040575995808467269
0.00036288803676143289
0.00106873799813911319
0.00021489703794941306
0.00164398900233209133
0.00021273101447150111
0.00019347999477759004
0.00113632204011082649
0.00012133800191804767
0.00177950900979340076
0.00011654803529381752
0.00177843397250398993
0.00011645501945167780
0.00011131103383377194
0.00093993300106376410
0.00006933900294825435
0.00159453100059181452
0.00006795598892495036
0.00159995298599824309
0.00006955600110813975
0.00006796902744099498
0.00054119800915941596
0.00002702302299439907
0.00053314404794946313
0.00002474698703736067
0.00053291703807190061
0.00002475397195667028
0.00003125600051134825
[26] forward pass time :  0.020059567992575467
0.00084861798677593470
0.00041733402758836746
0.00214929896173998713
0.00040869100484997034
0.00037783698644489050
0.00106063898419961333
0.00021637597819790244
0.00164172198856249452
0.00021477998234331608
0.00019489001715555787
0.00113717798376455903
0.00011757295578718185
0.00177194998832419515
0.00011770904529839754
0.00177626498043537140
0.00011710700346156955
0.00010943197412416339
0.00093234301311895251
0.00007047597318887711
0.00160440901527181268
0.00006881396984681487
0.00159131700638681650
0.00007047399412840605
0.00006843905430287123
0.00053641595877707005
0.00003606197424232960
0.00055461400188505650
0.00002659996971487999
0.00052848499035462737
0.00002583296736702323
0.00003375799860805273
[27] forward pass time :  0.020169929950498044
0.00083801703294739127
0.00041282403981313109
0.00216483097756281495
0.00040627899579703808
0.00036164501216262579
0.00105842296034097672
0.00021496700355783105
0.00165088399080559611
0.00021405698498710990
0.00019375100964680314
0.00113651098217815161
0.00011814699973911047
0.00177492405055090785
0.00011784996604546905
0.00177970703225582838
0.00011678197188302875
0.00011017802171409130
0.00093552499311044812
0.00006955000571906567
0.00159636599710211158
0.00006823195144534111
0.00159238901687785983
0.00006757600931450725
0.00006822805153205991
0.00053764699259772897
0.00002746703103184700
0.00053603999549522996
0.00002648902591317892
0.00053174397908151150
0.00002471101470291615
0.00003178103361278772
[28] forward pass time :  0.020063102012500167
0.00082854798529297113
0.00041075597982853651
0.00215729098999872804
0.00040668499423190951
0.00036174303386360407
0.00106416596099734306
0.00021333404583856463
0.00164551200577989221
0.00021330401068553329
0.00020282802870497108
0.00113970105303451419
0.00011811999138444662
0.00177133199758827686
0.00011604302562773228
0.00177327595883980393
0.00011769396951422095
0.00012106704525649548
0.00093377899611368775
0.00006853003287687898
0.00158489501336589456
0.00006835500244051218
0.00159554398851469159
0.00006849801866337657
0.00006739003583788872
0.00053681194549426436
0.00002680101897567511
0.00053165899589657784
0.00002639601007103920
0.00052978901658207178
0.00002539204433560371
0.00003130896948277950
[29] forward pass time :  0.020031095016747713
0.00083861203165724874
0.00041049701394513249
0.00214852998033165932
0.00040673901094123721
0.00036146998172625899
0.00107077899156138301
0.00021401100093498826
0.00164912099717184901
0.00021308701252564788
0.00019268499454483390
0.00113316497299820185
0.00011807295959442854
0.00177607801742851734
0.00011611595982685685
0.00177547702332958579
0.00012877298286184669
0.00010975997429341078
0.00093966099666431546
0.00006856699474155903
0.00159708800492808223
0.00006952899275347590
0.00159911002265289426
0.00006795604713261127
0.00006726098945364356
0.00053592998301610351
0.00002643797779455781
0.00052875198889523745
0.00002448703162372112
0.00053384102648124099
0.00002437800867483020
0.00003484799526631832
[30] forward pass time :  0.020053321961313486
0.00082816497888416052
0.00041798001620918512
0.00213838799390941858
0.00040658703073859215
0.00036162498872727156
0.00106752198189496994
0.00021505501354113221
0.00164268299704417586
0.00021307304268702865
0.00019401602912694216
0.00113429198972880840
0.00011796498438343406
0.00177007197635248303
0.00011837697820737958
0.00177649396937340498
0.00011675502173602581
0.00011011294554919004
0.00093241297872737050
0.00007100799120962620
0.00159098301082849503
0.00006878201384097338
0.00159128499217331409
0.00006951502291485667
0.00006795104127377272
0.00053881097119301558
0.00002653605770319700
0.00053430994739755988
0.00002484797732904553
0.00053063902305439115
0.00002469203900545835
0.00003087898949161172
[31] forward pass time :  0.020008764986414462
0.00084164302097633481
0.00041212502401322126
0.00214241904905065894
0.00040547497337684035
0.00036257598549127579
0.00107909803045913577
0.00021449499763548374
0.00164579699048772454
0.00021337700309231877
0.00019391201203688979
0.00113810802577063441
0.00011825899127870798
0.00177685200469568372
0.00012278003850951791
0.00178646005224436522
0.00011933100176975131
0.00011095398804172873
0.00094285298837348819
0.00006912002572789788
0.00159678200725466013
0.00006802001735195518
0.00159617501776665449
0.00006978499004617333
0.00006903999019414186
0.00054267398081719875
0.00002625299384817481
0.00053176400251686573
0.00002512801438570023
0.00052868598140776157
0.00002511602360755205
0.00003177899634465575
[32] forward pass time :  0.020128816016949713
0.00084327097283676267
0.00041121599497273564
0.00215348298661410809
0.00040796201210469007
0.00036178797017782927
0.00107522401958703995
0.00021936802659183741
0.00165933702373877168
0.00021371705224737525
0.00019308098126202822
0.00113555300049483776
0.00011744705261662602
0.00177794595947489142
0.00011733401333913207
0.00177652999991551042
0.00011554599041119218
0.00010936101898550987
0.00093575601931661367
0.00007152301259338856
0.00159352202899754047
0.00006844603922218084
0.00159478798741474748
0.00006796000525355339
0.00006720103556290269
0.00053343502804636955
0.00002757302718237042
0.00053155299974605441
0.00002526998287066817
0.00053131300956010818
0.00002478301757946610
0.00003256101626902819
[33] forward pass time :  0.020069903985131532
0.00084613403305411339
0.00041055900510400534
0.00215495802694931626
0.00040827598422765732
0.00036186899524182081
0.00107600900810211897
0.00021432701032608747
0.00165916397236287594
0.00021400296827778220
0.00019354099640622735
0.00114070699783042073
0.00011768599506467581
0.00177998200524598360
0.00011678400915116072
0.00177634897409006953
0.00011581002036109567
0.00010987801942974329
0.00093694002134725451
0.00006910896627232432
0.00159474002430215478
0.00007015699520707130
0.00159980799071490765
0.00006829999620094895
0.00006857101107016206
0.00053936196491122246
0.00002707995008677244
0.00053824600763618946
0.00002681603655219078
0.00053221202688291669
0.00002520903944969177
0.00003173702862113714
[34] forward pass time :  0.020104472001548856
0.00083871698006987572
0.00041255302494391799
0.00214366597356274724
0.00040628202259540558
0.00037175003672018647
0.00107893999665975571
0.00021479697898030281
0.00165639002807438374
0.00021287502022460103
0.00019292201614007354
0.00113825401058420539
0.00011939700925722718
0.00177870102925226092
0.00011641596211120486
0.00177757901838049293
0.00011721003102138638
0.00010907603427767754
0.00093727500643581152
0.00007064203964546323
0.00159516301937401295
0.00006797397509217262
0.00159411702770739794
0.00007104501128196716
0.00006936100544407964
0.00053899298654869199
0.00002718396717682481
0.00053458096226677299
0.00002545397728681564
0.00053177599329501390
0.00002459203824400902
0.00003174704033881426
[35] forward pass time :  0.020084287971258163
0.00085663597565144300
0.00041532999603077769
0.00216018303763121367
0.00040941301267594099
0.00036655098665505648
0.00107373396167531610
0.00021486094919964671
0.00165238999761641026
0.00021418003598228097
0.00019538699416443706
0.00113558198790997267
0.00011820101644843817
0.00177697400795295835
0.00011944700963795185
0.00178117601899430156
0.00011722295312210917
0.00011242303298786283
0.00094070500927045941
0.00007143802940845490
0.00159569899551570415
0.00006920599844306707
0.00159779400564730167
0.00006917997961863875
0.00006866100011393428
0.00054050300968810916
0.00002809602301567793
0.00053293298697099090
0.00002623302862048149
0.00053460302297025919
0.00002568401396274567
0.00003319501411169767
[36] forward pass time :  0.020165879977867007
0.00082723097875714302
0.00041071302257478237
0.00214535102713853121
0.00040664698462933302
0.00036183197516947985
0.00106305402005091310
0.00021475204266607761
0.00165917200502008200
0.00021356600336730480
0.00019335199613124132
0.00113301799865439534
0.00011777196777984500
0.00177706201793625951
0.00011854100739583373
0.00177921302383765578
0.00011626898776739836
0.00010978500358760357
0.00093540397938340902
0.00007219699909910560
0.00159855099627748132
0.00006902398308739066
0.00159609300317242742
0.00006970699178054929
0.00006852700607851148
0.00053860299522057176
0.00002724904334172606
0.00052938098087906837
0.00002571899676695466
0.00053127401042729616
0.00002583902096375823
0.00003294099587947130
[37] forward pass time :  0.020055562956258655
0.00084726605564355850
0.00041420303750783205
0.00215650600148364902
0.00040642096428200603
0.00036598200676962733
0.00106851599412038922
0.00021547899814322591
0.00165808299789205194
0.00021430198103189468
0.00019420502940192819
0.00113876600516960025
0.00012943398905918002
0.00178186403354629874
0.00011784600792452693
0.00177857500966638327
0.00011640100274235010
0.00011193001409992576
0.00093955104239284992
0.00007111398736014962
0.00159671198343858123
0.00006852700607851148
0.00159463402815163136
0.00006802601274102926
0.00007032998837530613
0.00056325894547626376
0.00002826098352670670
0.00053319800645112991
0.00002586701884865761
0.00053187698358669877
0.00002494396176189184
0.00003288401057943702
[38] forward pass time :  0.020177199970930815
0.00083355099195614457
0.00041116500506177545
0.00215153000317513943
0.00040672300383448601
0.00036149600055068731
0.00107516499701887369
0.00021352298790588975
0.00164801604114472866
0.00021397200180217624
0.00019356800476089120
0.00113643996883183718
0.00011766998795792460
0.00177984696347266436
0.00011840800289064646
0.00178154697641730309
0.00011608301429077983
0.00011013098992407322
0.00093891896540299058
0.00006922899046912789
0.00159680901560932398
0.00007095001637935638
0.00159787497250363231
0.00006841699359938502
0.00006923399632796645
0.00053545198170468211
0.00002670200774446130
0.00052893097745254636
0.00002646801294758916
0.00053392897825688124
0.00002549099735915661
0.00003222201485186815
[39] forward pass time :  0.020066742959897965
0.00083955499576404691
0.00041014701128005981
0.00216412299778312445
0.00040797900874167681
0.00036134896799921989
0.00105841597542166710
0.00021288899006322026
0.00165074499091133475
0.00021437602117657661
0.00019321899162605405
0.00113739300286397338
0.00011810997966676950
0.00177751597948372364
0.00011686299694702029
0.00177854794310405850
0.00011553696822375059
0.00010821601608768106
0.00093514402396976948
0.00006830401252955198
0.00159452098887413740
0.00007215101504698396
0.00160194601630792022
0.00006793701322749257
0.00006714899791404605
0.00053331902017816901
0.00002580595901235938
0.00053121399832889438
0.00002594798570498824
0.00053230399498715997
0.00002487900201231241
0.00003120902692899108
[40] forward pass time :  0.020050057966727763
0.00082392699550837278
0.00040966097731143236
0.00215584598481655121
0.00040686997817829251
0.00036242097849026322
0.00107152800774201751
0.00021236098837107420
0.00165126903448253870
0.00021589198149740696
0.00019424798665568233
0.00113780295941978693
0.00011717702727764845
0.00179330701939761639
0.00011818803614005446
0.00178105401573702693
0.00011535099474713206
0.00010818103328347206
0.00093844096409156919
0.00006762798875570297
0.00159552902914583683
0.00006910297088325024
0.00159656902542337775
0.00006718497024849057
0.00006731197936460376
0.00053672702051699162
0.00002546102041378617
0.00053382298210635781
0.00002409599255770445
0.00052931095706298947
0.00002731097629293799
0.00003243202809244394
[41] forward pass time :  0.02006712299771607
0.00084647897165268660
0.00041241501457989216
0.00215768098132684827
0.00040606199763715267
0.00036324304528534412
0.00107333698542788625
0.00021444499725475907
0.00166805100161582232
0.00021324300905689597
0.00019345397595316172
0.00115226203342899680
0.00011890201130881906
0.00178281404078006744
0.00011704995995387435
0.00178543798392638564
0.00011731695849448442
0.00010999100049957633
0.00094090501079335809
0.00006908900104463100
0.00159964198246598244
0.00006866100011393428
0.00160327198682352901
0.00007022503996267915
0.00006892799865454435
0.00054806703701615334
0.00002703297650441527
0.00053714204113930464
0.00002541899448260665
0.00053502700757235289
0.00002536701504141092
0.00003227399429306388
[42] forward pass time :  0.020167310955002904
0.00085238995961844921
0.00041153398342430592
0.00217467296170070767
0.00040973798604682088
0.00036264996742829680
0.00107797799864783883
0.00021869002375751734
0.00167139997938647866
0.00021887704497203231
0.00019441399490460753
0.00115808396367356181
0.00011792901204898953
0.00178228598088026047
0.00011821300722658634
0.00178764999145641923
0.00011620600707828999
0.00011010101297870278
0.00094034394714981318
0.00006883504102006555
0.00160125503316521645
0.00006954598939046264
0.00160447502275928855
0.00006786599988117814
0.00006799597758799791
0.00054102600552141666
0.00002665596548467875
0.00053479999769479036
0.00002627499634400010
0.00053557701176032424
0.00002534000668674707
0.00003187998663634062
[43] forward pass time :  0.020251028006896377
0.00083526002708822489
0.00041212397627532482
0.00215278001269325614
0.00040531897684559226
0.00036145001649856567
0.00107384397415444255
0.00021535297855734825
0.00166022998746484518
0.00021320400992408395
0.00019275600789114833
0.00113756197970360518
0.00012111896649003029
0.00178832601523026824
0.00011667300714179873
0.00178437400609254837
0.00011724501382559538
0.00011021300451830029
0.00094058300601318479
0.00006905401824042201
0.00160007399972528219
0.00006866903277114034
0.00160546100232750177
0.00006917095743119717
0.00006759702228009701
0.00054445600835606456
0.00002594996476545930
0.00053787301294505596
0.00002520502312108874
0.00053498800843954086
0.00002468697493895888
0.00003108498640358448
[44] forward pass time :  0.020127927011344582
0.00086788902990520000
0.00041785702342167497
0.00217754498589783907
0.00040726701263338327
0.00037170300493016839
0.00108334003016352654
0.00021649297559633851
0.00166943197837099433
0.00021468003978952765
0.00019394897390156984
0.00114320497959852219
0.00012078799773007631
0.00179106899304315448
0.00011745002120733261
0.00179417297476902604
0.00011959002586081624
0.00011444196570664644
0.00094832398463040590
0.00008183903992176056
0.00160947698168456554
0.00006799201946705580
0.00160742900334298611
0.00007091695442795753
0.00006981298793107271
0.00054927403107285500
0.00002707797102630138
0.00054161198204383254
0.00002571399090811610
0.00054392399033531547
0.00002619798760861158
0.00003397598629817367
[45] forward pass time :  0.02035716304089874
0.00082275399472564459
0.00041324301855638623
0.00216428696876391768
0.00040598300984129310
0.00036209897371008992
0.00106732698623090982
0.00021480402210727334
0.00166747899493202567
0.00021228002151474357
0.00019358401186764240
0.00113975501153618097
0.00011806504335254431
0.00178980099735781550
0.00011747400276362896
0.00178783602314069867
0.00011602300219237804
0.00011087098391726613
0.00095731799956411123
0.00006967002991586924
0.00160073401639238000
0.00006792298518121243
0.00160504202358424664
0.00007039000047370791
0.00006932398537173867
0.00054255797294899821
0.00002768402919173241
0.00053930596914142370
0.00002611300442367792
0.00053950300207361579
0.00002492603380233049
0.00003262201789766550
[46] forward pass time :  0.020171431999187917
0.00084771501133218408
0.00041073601460084319
0.00215528497938066721
0.00040659797377884388
0.00036649301182478666
0.00106731301639229059
0.00021368602756410837
0.00165593303972855210
0.00021467101760208607
0.00019312801305204630
0.00114419596502557397
0.00011745601659640670
0.00178354699164628983
0.00011918100062757730
0.00179067405406385660
0.00011629896471276879
0.00011043599806725979
0.00094040698604658246
0.00006855698302388191
0.00160565500846132636
0.00006903603207319975
0.00160422601038590074
0.00006847502663731575
0.00006888696225360036
0.00054184300824999809
0.00002700102049857378
0.00053897901671007276
0.00002718600444495678
0.00053772999672219157
0.00002502300776541233
0.00003253296017646790
[47] forward pass time :  0.020156180020421743
0.00084556202637031674
0.00041112001053988934
0.00216561200795695186
0.00040679599624127150
0.00036132399691268802
0.00107369798934087157
0.00021426205057650805
0.00166400300804525614
0.00021516601555049419
0.00019375601550564170
0.00113862502621486783
0.00011761696077883244
0.00178342201979830861
0.00011754699517041445
0.00178542098728939891
0.00011555699165910482
0.00011065596481785178
0.00093993003247305751
0.00006865902105346322
0.00160515401512384415
0.00007056398317217827
0.00160699198022484779
0.00006777601083740592
0.00006859196582809091
0.00054106203606352210
0.00002644304186105728
0.00053541897796094418
0.00002829701406881213
0.00053742196178063750
0.00002527097240090370
0.00003162201028317213
[48] forward pass time :  0.020159369974862784
0.00083737599197775126
0.00041405000956729054
0.00217167701339349151
0.00040757301030680537
0.00036192301195114851
0.00106544099980965257
0.00021380197722464800
0.00166596099734306335
0.00021496700355783105
0.00019450095715001225
0.00114086299436166883
0.00011817796621471643
0.00178623397368937731
0.00011741300113499165
0.00178620900260284543
0.00011640199227258563
0.00011073198402300477
0.00094047700986266136
0.00006937602302059531
0.00160334800602868199
0.00006955803837627172
0.00160288996994495392
0.00006898003630340099
0.00006808398757129908
0.00054132699733600020
0.00002810498699545860
0.00053611799376085401
0.00002867099829018116
0.00053822901099920273
0.00002546899486333132
0.00003261998062953353
[49] forward pass time :  0.02016568201361224
0.00084595597581937909
0.00041094498010352254
0.00216525502037256956
0.00040679902303963900
0.00036146503407508135
0.00107507803477346897
0.00021349801681935787
0.00165529199875891209
0.00021529500372707844
0.00019392604008316994
0.00114548503188416362
0.00011857901699841022
0.00178459798917174339
0.00011885497951880097
0.00178389897337183356
0.00011646799976006150
0.00011019100202247500
0.00093783903867006302
0.00006926798960193992
0.00159965397324413061
0.00007014401489868760
0.00160536199109628797
0.00006831303471699357
0.00006743002450093627
0.00053816701984032989
0.00002567894989624619
0.00053457700414583087
0.00002491095801815391
0.00053280295105651021
0.00002797902561724186
0.00003284198464825749
[50] forward pass time :  0.020145140995737165
Finished Training
