0.00344408099772408605
0.00157226400915533304
0.00892070395639166236
0.00156098499428480864
0.00136555498465895653
0.00468580401502549648
0.00079270201968029141
0.00620482803788036108
0.00079114601248875260
0.00069046800490468740
0.00271980598336085677
0.00040416000410914421
0.00408783002058044076
0.00040414102841168642
0.00407607300439849496
0.00040586601244285703
0.00035888497950509191
0.00192800600780174136
0.00021356297656893730
0.00322267098817974329
0.00021223101066425443
0.00321431900374591351
0.00021344702690839767
0.00019165704725310206
0.00108308700146153569
0.00006984703941270709
0.00108904100488871336
0.00008246395736932755
0.00107665802352130413
0.00006877502892166376
0.00006780395051464438
[5] forward pass time :  0.05694522999692708
0.00345374998869374394
0.00157427601516246796
0.00893074204213917255
0.00156211300054565072
0.00136697100242599845
0.00466575496830046177
0.00079314399044960737
0.00615261000348255038
0.00079246301902458072
0.00069471501046791673
0.00269254797603935003
0.00040726998122408986
0.00402659201063215733
0.00040599302155897021
0.00404309498844668269
0.00040700001409277320
0.00035997299710288644
0.00192788901040330529
0.00021398602984845638
0.00321543001336976886
0.00021302897948771715
0.00321252702269703150
0.00021429901244118810
0.00019388599321246147
0.00108141399687156081
0.00006836600368842483
0.00108357000863179564
0.00006765202851966023
0.00106521998532116413
0.00007002602797001600
0.00006866001058369875
[6] forward pass time :  0.056735870020929724
0.00344076001783832908
0.00157661596313118935
0.00894883699947968125
0.00156264001270756125
0.00136767595540732145
0.00467391405254602432
0.00079370097955688834
0.00615349900908768177
0.00079259695485234261
0.00069218501448631287
0.00273350498173385859
0.00040663802064955235
0.00408504600636661053
0.00040430499939247966
0.00407836999511346221
0.00040536100277677178
0.00035840499913319945
0.00192774902097880840
0.00021396600641310215
0.00322828697971999645
0.00021300796652212739
0.00328995101153850555
0.00021440704585984349
0.00019305298337712884
0.00110883498564362526
0.00006944302003830671
0.00111210200702771544
0.00006828201003372669
0.00109601597068831325
0.00006947701331228018
0.00006993795977905393
[7] forward pass time :  0.05707500199787319
0.00344810402020812035
0.00157373596448451281
0.00892737699905410409
0.00156266597332432866
0.00136552000185474753
0.00469995703315362334
0.00079392903717234731
0.00618399400264024734
0.00079058803385123610
0.00069159304257482290
0.00269499100977554917
0.00040888699004426599
0.00406815804308280349
0.00040652498137205839
0.00404065102338790894
0.00040678802179172635
0.00035930401645600796
0.00190840702271088958
0.00021351902978494763
0.00322516000596806407
0.00021390803158283234
0.00322228099685162306
0.00021352199837565422
0.00019447895465418696
0.00108852196717634797
0.00007105601252987981
0.00109134404920041561
0.00007013499271124601
0.00107549200765788555
0.00006867799675092101
0.00006883998867124319
[8] forward pass time :  0.056871053006034344
0.00345752702560275793
0.00157485099043697119
0.00890236499253660440
0.00156459596473723650
0.00136978999944403768
0.00468298699706792831
0.00079381500836461782
0.00615688599646091461
0.00079374597407877445
0.00069395400350913405
0.00272325600963085890
0.00040651200106367469
0.00408144399989396334
0.00040595704922452569
0.00408719101687893271
0.00040464795893058181
0.00035838998155668378
0.00193189800484105945
0.00021456403192132711
0.00323246797779574990
0.00021447596373036504
0.00322133296867832541
0.00021369801834225655
0.00019310601055622101
0.00108581897802650928
0.00006952794501557946
0.00110052601667121053
0.00006899598520249128
0.00109163398155942559
0.00006863800808787346
0.00007034098962321877
[9] forward pass time :  0.0569646239746362
0.00346378999529406428
0.00157338695134967566
0.00891925598261877894
0.00156316504580900073
0.00137291703140363097
0.00470296095591038465
0.00079720100620761514
0.00615349499275907874
0.00079080101568251848
0.00069280900061130524
0.00271494901971891522
0.00040751899359747767
0.00408200302626937628
0.00040515896398574114
0.00407432403881102800
0.00040503503987565637
0.00036024098517373204
0.00192867597797885537
0.00021660700440406799
0.00323963997652754188
0.00021363899577409029
0.00328161794459447265
0.00021359394304454327
0.00019352801609784365
0.00111223204294219613
0.00007028802065178752
0.00112850399455055594
0.00007230998016893864
0.00109803897794336081
0.00007215695222839713
0.00007156300125643611
[10] forward pass time :  0.057176241010893136
0.00344442296773195267
0.00158341799397021532
0.00892062403727322817
0.00156341900583356619
0.00136818003375083208
0.00468869204632937908
0.00079450500197708607
0.00619644002290442586
0.00079260102938860655
0.00069400895154103637
0.00267753895604982972
0.00040818203706294298
0.00405428599333390594
0.00040589703712612391
0.00406098301755264401
0.00040679797530174255
0.00036042899591848254
0.00191246898612007499
0.00021378201199695468
0.00319392298115417361
0.00021696899784728885
0.00319836102426052094
0.00021418498363345861
0.00019456498557701707
0.00107394700171425939
0.00007103098323568702
0.00108161300886422396
0.00007135298801586032
0.00106546602910384536
0.00006932998076081276
0.00006947101792320609
[11] forward pass time :  0.05679528298787773
0.00350758596323430538
0.00158499903045594692
0.00893296598223969340
0.00156605895608663559
0.00138665200211107731
0.00466368999332189560
0.00080234598135575652
0.00615453597856685519
0.00079456903040409088
0.00069722399348393083
0.00272867199964821339
0.00040760397678241134
0.00403425894910469651
0.00040814100066199899
0.00405651098117232323
0.00040608103154227138
0.00035932700848206878
0.00191646197345107794
0.00021835998632013798
0.00319501303602010012
0.00021301500964909792
0.00318503397284075618
0.00021722598467022181
0.00019485596567392349
0.00107139401370659471
0.00007162400288507342
0.00108671898487955332
0.00006964104250073433
0.00106924999272450805
0.00006877403939142823
0.00006799801485612988
[12] forward pass time :  0.05690737295662984
0.00344289699569344521
0.00157061504432931542
0.00893194996751844883
0.00156301300739869475
0.00136551796458661556
0.00468801002716645598
0.00079282099613919854
0.00617581099504604936
0.00079085299512371421
0.00069178198464214802
0.00271501200040802360
0.00040674500633031130
0.00402953202137723565
0.00040845799958333373
0.00404808099847286940
0.00040637596976011992
0.00035953900078311563
0.00191721698502078652
0.00021443603327497840
0.00319694797508418560
0.00021386903245002031
0.00318896799581125379
0.00021339399972930551
0.00019209599122405052
0.00106935499934479594
0.00006915500853210688
0.00108036200981587172
0.00007111701415851712
0.00106776598840951920
0.00006869499338790774
0.00006808299804106355
[13] forward pass time :  0.05672726401826367
0.00346283003455027938
0.00157433899585157633
0.00889605202246457338
0.00156203698134049773
0.00136785401264205575
0.00468207598896697164
0.00079242500942200422
0.00617851800052449107
0.00079175300197675824
0.00069044396514073014
0.00269871001364663243
0.00040675303898751736
0.00404337700456380844
0.00040551199344918132
0.00404152000555768609
0.00040705199353396893
0.00035943195689469576
0.00193586095701903105
0.00021421100245788693
0.00322327099274843931
0.00021262699738144875
0.00321933894883841276
0.00021443696459755301
0.00019285199232399464
0.00108051602728664875
0.00006970396498218179
0.00108766701305285096
0.00006882403977215290
0.00107596802990883589
0.00006953201955184340
0.00006980297621339560
[14] forward pass time :  0.056802209990564734
0.00345892802579328418
0.00157218199456110597
0.00890942005207762122
0.00156333402264863253
0.00136727100471034646
0.00467907800339162350
0.00079933600500226021
0.00619791902136057615
0.00078928802395239472
0.00069365301169455051
0.00270801101578399539
0.00040685798740014434
0.00408924999646842480
0.00040477397851645947
0.00407942105084657669
0.00040423596510663629
0.00035808997927233577
0.00192962499568238854
0.00021502596791833639
0.00322869600495323539
0.00021379796089604497
0.00327857298543676734
0.00021204998483881354
0.00019271299242973328
0.00110246898839250207
0.00007019599433988333
0.00110878795385360718
0.00006789504550397396
0.00108598900260403752
0.00006793998181819916
0.00006718997610732913
[15] forward pass time :  0.05703934596385807
0.00344180501997470856
0.00157379900338128209
0.00892414402915164828
0.00156276003690436482
0.00136704999022185802
0.00470014900201931596
0.00079322699457406998
0.00616231502499431372
0.00079131696838885546
0.00069382198853418231
0.00270508800167590380
0.00040552701102569699
0.00408831797540187836
0.00040467904182150960
0.00409579300321638584
0.00040605897083878517
0.00036785798147320747
0.00194191397167742252
0.00021419196855276823
0.00324510800419375300
0.00021342199761420488
0.00323396996827796102
0.00021368003217503428
0.00019297300605103374
0.00109457701910287142
0.00007217499660328031
0.00111686700256541371
0.00006894400576129556
0.00110802997369319201
0.00006910000229254365
0.00006857694825157523
[16] forward pass time :  0.05706364999059588
0.00344753597164526582
0.00157321401638910174
0.00892218097578734159
0.00156327203148975968
0.00136665900936350226
0.00467569404281675816
0.00079261697828769684
0.00616374000674113631
0.00079255702439695597
0.00069414696190506220
0.00269187701633200049
0.00040679494850337505
0.00402759196003898978
0.00040768500184640288
0.00401937396964058280
0.00040442001773044467
0.00035820301854982972
0.00193857797421514988
0.00021319201914593577
0.00323817296884953976
0.00021235604071989655
0.00323367095552384853
0.00021397101227194071
0.00019231595797464252
0.00108988903230056167
0.00006944703636690974
0.00109196198172867298
0.00006970699178054929
0.00107723596738651395
0.00006817403482273221
0.00006786797894164920
[17] forward pass time :  0.05679366202093661
0.00343865697504952550
0.00157223100541159511
0.00891987397335469723
0.00156240898650139570
0.00136722601018846035
0.00468325999099761248
0.00079252303112298250
0.00620064401300624013
0.00079243502113968134
0.00069120596162974834
0.00267958000767976046
0.00040800299029797316
0.00401158799650147557
0.00040566804818809032
0.00405990099534392357
0.00040555698797106743
0.00035925395786762238
0.00191672996152192354
0.00021447503240779042
0.00319736998062580824
0.00021429505432024598
0.00318787602009251714
0.00021154602291062474
0.00019190495368093252
0.00107068597571924329
0.00007334101246669888
0.00108263798756524920
0.00006842002039775252
0.00106541195418685675
0.00006839400157332420
0.00006818200927227736
[18] forward pass time :  0.056687303993385285
0.00347070704447105527
0.00157395401038229465
0.00892057799501344562
0.00156256603077054024
0.00136819400358945131
0.00468623399501666427
0.00079242797801271081
0.00617991603212431073
0.00078923400724306703
0.00069169199559837580
0.00270927802193909883
0.00040654500480741262
0.00408159400103613734
0.00040578900370746851
0.00407583400374278426
0.00040516199078410864
0.00036022800486534834
0.00193138798931613564
0.00021498900605365634
0.00322983402293175459
0.00022006302606314421
0.00327357795322313905
0.00021108402870595455
0.00019387598149478436
0.00110864604357630014
0.00006965099601075053
0.00112720602191984653
0.00006881600711494684
0.00109934300417080522
0.00006809405749663711
0.00006890104850754142
[19] forward pass time :  0.05709401599597186
0.00345697201555594802
0.00157487305114045739
0.00892330094939097762
0.00156316801439970732
0.00137028901372104883
0.00469781795982271433
0.00079272699076682329
0.00615712400758638978
0.00079387100413441658
0.00069565698504447937
0.00273625797126442194
0.00040820200229063630
0.00407668098341673613
0.00040568900294601917
0.00408418400911614299
0.00040484900819137692
0.00035884103272110224
0.00193366897292435169
0.00021417200332507491
0.00322523101931437850
0.00021260103676468134
0.00322544301161542535
0.00021452701184898615
0.00019303202861919999
0.00108901795465499163
0.00007095100590959191
0.00111138902138918638
0.00006867002230137587
0.00110098900040611625
0.00006896996637806296
0.00006878300337120891
[20] forward pass time :  0.057030317024327815
0.00346784404246136546
0.00157389201922342181
0.00893269595690071583
0.00156350200995802879
0.00136748899240046740
0.00468376500066369772
0.00079341500531882048
0.00619214901234954596
0.00078792194835841656
0.00069115101359784603
0.00270935398293659091
0.00040627596899867058
0.00408249802421778440
0.00040494400309398770
0.00408212299225851893
0.00040565402014181018
0.00035825296072289348
0.00193381600547581911
0.00021489796927198768
0.00323549401946365833
0.00021559698507189751
0.00327767501585185528
0.00021363800624385476
0.00019464298384264112
0.00110459199640899897
0.00006958201993256807
0.00110648502595722675
0.00006822700379416347
0.00109120801789686084
0.00007107900455594063
0.00006932398537173867
[21] forward pass time :  0.05713563197059557
0.00350329797947779298
0.00158179702702909708
0.00892970798304304481
0.00156468601198866963
0.00138177000917494297
0.00468515104148536921
0.00079500698484480381
0.00620176200754940510
0.00079250201815739274
0.00069514795904979110
0.00267192500177770853
0.00040899001760408282
0.00402446702355518937
0.00040693505434319377
0.00401962304022163153
0.00040600402280688286
0.00036058301338925958
0.00192294799489900470
0.00021677400218322873
0.00321265100501477718
0.00021498696878552437
0.00321204197825863957
0.00021428201580420136
0.00019585998961701989
0.00108788098441436887
0.00007073499727994204
0.00109125999733805656
0.00006943498738110065
0.00107443501474335790
0.00007191899931058288
0.00007046799873933196
[22] forward pass time :  0.05690020101610571
0.00350795901613309979
0.00157541595399379730
0.00893985596485435963
0.00156419404083862901
0.00137062696740031242
0.00468434300273656845
0.00079291599104180932
0.00618576601846143603
0.00079009204637259245
0.00069187098415568471
0.00269376800861209631
0.00040609302232041955
0.00404860102571547031
0.00040521397022530437
0.00403924804413691163
0.00040594401070848107
0.00035946303978562355
0.00194156297948211432
0.00021301500964909792
0.00323940004454925656
0.00021360197570174932
0.00323904899414628744
0.00021202099742367864
0.00019186805002391338
0.00108815100975334644
0.00006892799865454435
0.00109423301182687283
0.00007050600834190845
0.00108142901444807649
0.00006778398528695107
0.00006895902333781123
[23] forward pass time :  0.05697566200979054
0.00348556198878213763
0.00158054899657145143
0.00931891502114012837
0.00165313202887773514
0.00140112498775124550
0.00471584300976246595
0.00079756899503991008
0.00616645294940099120
0.00079380202805623412
0.00069769599940627813
0.00271258101565763354
0.00040851795347407460
0.00401777197839692235
0.00040870497468858957
0.00402545399265363812
0.00040519703179597855
0.00036029901821166277
0.00194327696226537228
0.00021758303046226501
0.00325037201400846243
0.00021284696413204074
0.00324399600503966212
0.00021592195844277740
0.00019876699661836028
0.00109252001857385039
0.00007253495277836919
0.00110426498576998711
0.00006928300717845559
0.00108121003722772002
0.00006871303776279092
0.00007334002293646336
[24] forward pass time :  0.057564873015508056
0.00345673697302117944
0.00157462101196870208
0.00893131096381694078
0.00168508203933015466
0.00138721399707719684
0.00471613300032913685
0.00079738395288586617
0.00619422702584415674
0.00079479900887235999
0.00069613399682566524
0.00272113201208412647
0.00041124800918623805
0.00408935203449800611
0.00041116500506177545
0.00409916404169052839
0.00040906399954110384
0.00036297598853707314
0.00193821400171145797
0.00021878600819036365
0.00326080498052760959
0.00021788798039779067
0.00327655597357079387
0.00021687999833375216
0.00019755400717258453
0.00110957300057634711
0.00007476698374375701
0.00111950800055637956
0.00007443700451403856
0.00109767401590943336
0.00007354101398959756
0.00007364898920059204
[25] forward pass time :  0.05755198298720643
0.00347696500830352306
0.00158019299851730466
0.00892937101889401674
0.00156304601114243269
0.00138992199208587408
0.00467831600690260530
0.00079330900916829705
0.00616565498057752848
0.00079400895629078150
0.00069331401027739048
0.00268853799207136035
0.00040964200161397457
0.00403283198829740286
0.00040776701644062996
0.00404915603576228023
0.00040484900819137692
0.00035920098889619112
0.00194255996029824018
0.00021424004808068275
0.00322935101576149464
0.00021464400924742222
0.00323432398727163672
0.00021393602946773171
0.00019317097030580044
0.00108889001421630383
0.00006953196134418249
0.00109395902836695313
0.00006927002687007189
0.00107765902066603303
0.00007049104897305369
0.00006833003135398030
[26] forward pass time :  0.0569436060031876
0.00345234497217461467
0.00157826399663463235
0.00891956803388893604
0.00156309700105339289
0.00136955198831856251
0.00471321499207988381
0.00079248601105064154
0.00616548501420766115
0.00079214602010324597
0.00069142202846705914
0.00267671601613983512
0.00040649902075529099
0.00402057002065703273
0.00040661299135535955
0.00402738602133467793
0.00041962700197473168
0.00035863299854099751
0.00193850399227812886
0.00021393701899796724
0.00324411800829693675
0.00021468102931976318
0.00323460000799968839
0.00021290796576067805
0.00019243202405050397
0.00108509999699890614
0.00006964796921238303
0.00109424605034291744
0.00006840599235147238
0.00107964396011084318
0.00006992899579927325
0.00006971898255869746
[27] forward pass time :  0.056860739015974104
0.00347211101325228810
0.00158188497880473733
0.00894329999573528767
0.00156495696865022182
0.00139109697192907333
0.00468603597255423665
0.00079823803389444947
0.00619518494931980968
0.00079152302350848913
0.00069384195376187563
0.00271133001660928130
0.00040546595118939877
0.00410668796394020319
0.00040475401328876615
0.00411162502132356167
0.00040485401405021548
0.00035794300492852926
0.00194885698147118092
0.00021491595543920994
0.00325776799581944942
0.00021282199304550886
0.00326667103217914701
0.00021458801347762346
0.00019368401262909174
0.00110251497244462371
0.00006978900637477636
0.00110875198151916265
0.00007099198410287499
0.00109340500785037875
0.00006862595910206437
0.00006844598101451993
[28] forward pass time :  0.057294444006402045
0.00343246600823476911
0.00157170800957828760
0.00892401102464646101
0.00156241003423929214
0.00136749999364838004
0.00466216099448502064
0.00079238699981942773
0.00614476902410387993
0.00079248403199017048
0.00069488602457568049
0.00267775898100808263
0.00040634500328451395
0.00401746202260255814
0.00040613301098346710
0.00406051997561007738
0.00040622398955747485
0.00035916897468268871
0.00191398296738043427
0.00021397200180217624
0.00319201301317662001
0.00021309102885425091
0.00318734801840037107
0.00021330500021576881
0.00019321299623697996
0.00107162498170509934
0.00006937404396012425
0.00108118797652423382
0.00007059698691591620
0.00106300000334158540
0.00006862502777948976
0.00006862601730972528
[29] forward pass time :  0.05660595599329099
0.00344742898596450686
0.00157106400001794100
0.00890725402859970927
0.00156327395234256983
0.00136737799039110541
0.00470605801092460752
0.00079316401388496161
0.00615291198482736945
0.00079134001862257719
0.00069179898127913475
0.00269268796546384692
0.00040791399078443646
0.00401599303586408496
0.00040615501347929239
0.00400124897714704275
0.00040286604780703783
0.00035720894811674953
0.00194803503109142184
0.00021484500030055642
0.00326862599467858672
0.00021187501261010766
0.00325102201895788312
0.00021176401060074568
0.00019211298786103725
0.00109167100163176656
0.00007070897845551372
0.00110305799171328545
0.00006828003097325563
0.00108465098310261965
0.00006782799027860165
0.00006925896741449833
[30] forward pass time :  0.05684448801912367
0.00348767597461119294
0.00157761003356426954
0.00888851500349119306
0.00156416196841746569
0.00137140200240537524
0.00467720598680898547
0.00079371000174432993
0.00618457002565264702
0.00079153402475640178
0.00069658498978242278
0.00273822899907827377
0.00040595699101686478
0.00411610800074413419
0.00040443002944812179
0.00411393400281667709
0.00040567200630903244
0.00035814399598166347
0.00194410397671163082
0.00021351198665797710
0.00327229301910847425
0.00021151098189875484
0.00326462800148874521
0.00021214899607002735
0.00019270001212134957
0.00110354396747425199
0.00007193605415523052
0.00111115502659231424
0.00006846198812127113
0.00109240401070564985
0.00006791600026190281
0.00006863399175927043
[31] forward pass time :  0.05719350598519668
0.00346521899336948991
0.00157635501818731427
0.00892505899537354708
0.00156173005234450102
0.00136731297243386507
0.00465708802221342921
0.00079252995783463120
0.00614383298670873046
0.00078826403478160501
0.00069071201141923666
0.00269957096315920353
0.00040626700501888990
0.00408607098506763577
0.00041019503260031343
0.00408622896065935493
0.00040450203232467175
0.00035923998802900314
0.00194653001381084323
0.00021649803966283798
0.00323438702616840601
0.00021273404126986861
0.00330110901268199086
0.00021183496573939919
0.00019265804439783096
0.00110894703539088368
0.00006949203088879585
0.00111284700687974691
0.00006766099249944091
0.00109657901339232922
0.00006820599082857370
0.00006818398833274841
[32] forward pass time :  0.05709733400726691
0.00345020199893042445
0.00157254602527245879
0.00893086096039041877
0.00156117300502955914
0.00136800401378422976
0.00467407301766797900
0.00079204700887203217
0.00626472197473049164
0.00078853196464478970
0.00069006101693958044
0.00271294498816132545
0.00040562800131738186
0.00411766703473404050
0.00040456297574564815
0.00409019197104498744
0.00040481099858880043
0.00035808101529255509
0.00193469197256490588
0.00021301297238096595
0.00327390100574120879
0.00021245400421321392
0.00327251001726835966
0.00021402299171313643
0.00019210000755265355
0.00109772797441110015
0.00006974098505452275
0.00110663304803892970
0.00006855803076177835
0.00109379796776920557
0.00006949499947950244
0.00006844103336334229
[33] forward pass time :  0.05719296302413568
0.00344311801018193364
0.00157227000454440713
0.00891429599141702056
0.00156204402446746826
0.00136661197757348418
0.00467153999488800764
0.00079262699000537395
0.00616381899453699589
0.00079061801079660654
0.00069144502049311996
0.00272296601906418800
0.00040756701491773129
0.00402361102169379592
0.00040667195571586490
0.00402199698146432638
0.00040296401130035520
0.00035778101300820708
0.00194356701103970408
0.00021286797709763050
0.00323702703462913632
0.00021238496992737055
0.00323649699566885829
0.00021187198581174016
0.00019257696112617850
0.00108847103547304869
0.00006860395660623908
0.00109133002115413547
0.00006752397166565061
0.00107857101829722524
0.00007023796206340194
0.00006933900294825435
[34] forward pass time :  0.056802657956723124
0.00341575196944177151
0.00157373299589380622
0.00893425400136038661
0.00156285200500860810
0.00136848003603518009
0.00466883799526840448
0.00079297000775113702
0.00618548400234431028
0.00079012400237843394
0.00069141498534008861
0.00271440204232931137
0.00040616001933813095
0.00408602104289457202
0.00040635501500219107
0.00407653400907292962
0.00040474795969203115
0.00035799300530925393
0.00192692998098209500
0.00021295400802046061
0.00323824101360514760
0.00021205999655649066
0.00327364302938804030
0.00021308200666680932
0.00019347900524735451
0.00109940301626920700
0.00007022399222478271
0.00110338296508416533
0.00007875199662521482
0.00108737300615757704
0.00006709498120471835
0.00006696500349789858
[35] forward pass time :  0.05700488295406103
0.00345970498165115714
0.00157243199646472931
0.00892572698649019003
0.00156275701010599732
0.00136719900183379650
0.00468943000305444002
0.00079231697600334883
0.00621217902516946197
0.00078946398571133614
0.00069018197245895863
0.00272381998365744948
0.00041091401362791657
0.00408140203217044473
0.00040523899951949716
0.00408044800860807300
0.00040356098907068372
0.00035798997851088643
0.00192692503333091736
0.00021424301667138934
0.00322245497955009341
0.00021484098397195339
0.00328618596540763974
0.00021277496125549078
0.00019278802210465074
0.00111093005398288369
0.00006867200136184692
0.00111190299503505230
0.00006742100231349468
0.00109704304486513138
0.00007167505100369453
0.00006916897837072611
[36] forward pass time :  0.05711491697002202
0.00343754200730472803
0.00157016998855397105
0.00897902599535882473
0.00156043999595567584
0.00136473798193037510
0.00468327500857412815
0.00079087103949859738
0.00618071999633684754
0.00079119903966784477
0.00069127097958698869
0.00269549200311303139
0.00040602200897410512
0.00405073299771174788
0.00040603603702038527
0.00404122704640030861
0.00040497700683772564
0.00035729299997910857
0.00193761900300160050
0.00021383201237767935
0.00325067498488351703
0.00021441001445055008
0.00323654699604958296
0.00021210801787674427
0.00019200297538191080
0.00108687498141080141
0.00006859900895506144
0.00109364703530445695
0.00006832898361608386
0.00107876694528385997
0.00006909301737323403
0.00006843596929684281
[37] forward pass time :  0.056908199039753526
0.00344216299708932638
0.00157291698269546032
0.00898183800745755434
0.00156121898908168077
0.00136861298233270645
0.00466805696487426758
0.00079199700849130750
0.00621400302043184638
0.00079173798440024257
0.00069358601467683911
0.00269034004304558039
0.00040693400660529733
0.00407818000530824065
0.00040446501225233078
0.00407290901057422161
0.00040516100125387311
0.00035794900031760335
0.00193178700283169746
0.00021488999482244253
0.00321792002068832517
0.00021351798204705119
0.00320303800981491804
0.00021409103646874428
0.00019434600835666060
0.00108025094959884882
0.00006942194886505604
0.00108409603126347065
0.00006845296593382955
0.00110582000343129039
0.00007060501957312226
0.00006865098839625716
[38] forward pass time :  0.05697834200691432
0.00344106199918314815
0.00156873697414994240
0.00899271701928228140
0.00156045501353219151
0.00136649800697341561
0.00467089202720671892
0.00079028797335922718
0.00619171099970117211
0.00079173798440024257
0.00069160497514531016
0.00272094795946031809
0.00040739303221926093
0.00404255499597638845
0.00040651496965438128
0.00403298402670770884
0.00040521402843296528
0.00035799003671854734
0.00194218300748616457
0.00021426298189908266
0.00324339699000120163
0.00021594302961602807
0.00324055296368896961
0.00021227798424661160
0.00019227596931159496
0.00109085201984271407
0.00006921601016074419
0.00109921500552445650
0.00006846402538940310
0.00107619696063920856
0.00006860302528366446
0.00006910902447998524
[39] forward pass time :  0.05695574200944975
0.00345952797215431929
0.00157098000636324286
0.00897570198867470026
0.00156205700477585196
0.00136433198349550366
0.00467115204082801938
0.00079129700316116214
0.00616082502529025078
0.00079092697706073523
0.00069146999157965183
0.00270683399867266417
0.00040706101572141051
0.00407028902554884553
0.00040574604645371437
0.00406752800336107612
0.00040508800884708762
0.00035805196966975927
0.00192560901632532477
0.00021502998424693942
0.00320674601243808866
0.00021273095626384020
0.00320238800486549735
0.00021404202561825514
0.00019190099555999041
0.00107728701550513506
0.00007121497765183449
0.00108525803079828620
0.00006896600825712085
0.00106526300078257918
0.00006850500358268619
0.00006912299431860447
[40] forward pass time :  0.05685709300450981
0.00346795096993446350
0.00157132901949808002
0.00897529401117935777
0.00156103802146390080
0.00136937998468056321
0.00468591396929696202
0.00079257501056417823
0.00619072496192529798
0.00079053599620237947
0.00069209700450301170
0.00269963202299550176
0.00040766899473965168
0.00405038398457691073
0.00040540000190958381
0.00404283695388585329
0.00040389300556853414
0.00035811297129839659
0.00193873897660523653
0.00021474203094840050
0.00325043604243546724
0.00021309097064658999
0.00323448999552056193
0.00021246395772323012
0.00019239401444792747
0.00108849699608981609
0.00006960798054933548
0.00109600799623876810
0.00006859301356598735
0.00107680598739534616
0.00007110799197107553
0.00006917200516909361
[41] forward pass time :  0.056992063007783145
0.00349149497924372554
0.00158038997324183583
0.00896891299635171890
0.00156263302778825164
0.00138369703199714422
0.00467618700349703431
0.00080007099313661456
0.00619057397125288844
0.00079118798021227121
0.00069322303170338273
0.00270721799461171031
0.00040759798139333725
0.00409885699627920985
0.00040545599767938256
0.00408956594765186310
0.00040498195448890328
0.00035827502142637968
0.00193846999900415540
0.00021450204076245427
0.00322933599818497896
0.00021314900368452072
0.00322538899490609765
0.00021300296066328883
0.00019284704467281699
0.00108821201138198376
0.00006990996189415455
0.00111719802953302860
0.00007016694871708751
0.00110654602758586407
0.00007213896606117487
0.00007060298230499029
[42] forward pass time :  0.05718215799424797
0.00343128503300249577
0.00157315901014953852
0.00896063400432467461
0.00156192097347229719
0.00137292896397411823
0.00467549596214666963
0.00079202500637620687
0.00617809797404333949
0.00079318200005218387
0.00069310300750657916
0.00268922402756288648
0.00040619401261210442
0.00403379899216815829
0.00040657399222254753
0.00405234104255214334
0.00040498602902516723
0.00036018399987369776
0.00191188900498673320
0.00021343602566048503
0.00319318298716098070
0.00021421699784696102
0.00318170594982802868
0.00021319801453500986
0.00019391300156712532
0.00106993597000837326
0.00006978301098570228
0.00107704696711152792
0.00006929802475497127
0.00106575601967051625
0.00006853399099782109
0.00006962701445445418
[43] forward pass time :  0.05674595100572333
0.00345826800912618637
0.00157825701171532273
0.00895780901191756129
0.00156202499056234956
0.00136784103233367205
0.00467784097418189049
0.00079235201701521873
0.00623449397971853614
0.00078990001929923892
0.00069151102798059583
0.00270044995704665780
0.00040547898970544338
0.00408656895160675049
0.00040634599281474948
0.00408342399168759584
0.00040464999619871378
0.00035993702476844192
0.00193581997882574797
0.00021476298570632935
0.00327324698446318507
0.00021424097940325737
0.00327092397492378950
0.00021223298972472548
0.00019277195679023862
0.00110170902917161584
0.00007020600605756044
0.00110645196400582790
0.00006911798845976591
0.00108761800220236182
0.00007051398279145360
0.00007063196972012520
[44] forward pass time :  0.057173723995219916
0.00346838595578446984
0.00158909498713910580
0.00900345103582367301
0.00156355899525806308
0.00138673000037670135
0.00467531901085749269
0.00079549202928319573
0.00617857702309265733
0.00079237198224291205
0.00069512799382209778
0.00272593100089579821
0.00040761596756055951
0.00406058295629918575
0.00040677899960428476
0.00407204002840444446
0.00040539097972214222
0.00036009302129969001
0.00192594598047435284
0.00021635304437950253
0.00321129400981590152
0.00021431798813864589
0.00320273899706080556
0.00021622201893478632
0.00019376003183424473
0.00107826001476496458
0.00006923999171704054
0.00108434696448966861
0.00007056799950078130
0.00107271899469196796
0.00006923201726749539
0.00006894802208989859
[45] forward pass time :  0.05706374399596825
0.00343406497268006206
0.00157240097178146243
0.00896702799946069717
0.00156183895887807012
0.00136753695551306009
0.00468453200301155448
0.00079304800601676106
0.00621066096937283874
0.00079077499685809016
0.00069383496884256601
0.00272279302589595318
0.00040543900104239583
0.00412711402168497443
0.00040558801265433431
0.00410207797540351748
0.00040966196684166789
0.00036376900970935822
0.00196398701518774033
0.00021381501574069262
0.00326424598461017013
0.00021475699031725526
0.00325611099833622575
0.00021271500736474991
0.00019329797942191362
0.00110859097912907600
0.00007014500442892313
0.00111898896284401417
0.00007009500404819846
0.00110396003583446145
0.00006940099410712719
0.00006971997208893299
[46] forward pass time :  0.05727340804878622
0.00344602600671350956
0.00157097500050440431
0.00897202902706339955
0.00156132300617173314
0.00136700097937136889
0.00467754900455474854
0.00079252000432461500
0.00621519202832132578
0.00079067796468734741
0.00069213099777698517
0.00270326295867562294
0.00040644197724759579
0.00407678302144631743
0.00040583097143098712
0.00407482899026945233
0.00040497299050912261
0.00035826698876917362
0.00193691498134285212
0.00021486904006451368
0.00324817403452470899
0.00021449098130688071
0.00323945801937952638
0.00021277100313454866
0.00019260100089013577
0.00109194300603121519
0.00007078202906996012
0.00109281303593888879
0.00006865803152322769
0.00108025403460487723
0.00006861198926344514
0.00006980000762268901
[47] forward pass time :  0.057038403989281505
0.00345411401940509677
0.00157150003360584378
0.00896846904652193189
0.00156273302854970098
0.00136861397186294198
0.00466919702012091875
0.00079263700172305107
0.00619689503218978643
0.00079208402894437313
0.00069346698001027107
0.00269967596977949142
0.00040716701187193394
0.00404187600361183286
0.00040771398926153779
0.00404508598148822784
0.00040453003020957112
0.00035943801049143076
0.00195305800298228860
0.00021332100732252002
0.00326688599307090044
0.00021466601174324751
0.00325746304588392377
0.00021237699547782540
0.00019424001220613718
0.00109568901825696230
0.00007025297963991761
0.00110058102291077375
0.00006933498661965132
0.00108460697811096907
0.00006854301318526268
0.00006979401223361492
[48] forward pass time :  0.05703196401009336
0.00344893103465437889
0.00157134997425600886
0.00898779497947543859
0.00156086002243682742
0.00136806000955402851
0.00467788701644167304
0.00079145398922264576
0.00618371402379125357
0.00079179002204909921
0.00069315196014940739
0.00269315001787617803
0.00040801899740472436
0.00406904099509119987
0.00040558498585596681
0.00406574999215081334
0.00040637498022988439
0.00035870098508894444
0.00192825798876583576
0.00021448300685733557
0.00320988998282700777
0.00021321303211152554
0.00320231501245871186
0.00021315901540219784
0.00019482598872855306
0.00107699300860986114
0.00006987404776737094
0.00108620402170345187
0.00006864999886602163
0.00107797596137970686
0.00006758997915312648
0.00006908504292368889
[49] forward pass time :  0.056910109997261316
0.00346229795832186937
0.00157179194502532482
0.00895490398397669196
0.00156302796676754951
0.00136570999165996909
0.00467998400563374162
0.00079259998165071011
0.00617391499690711498
0.00079177896259352565
0.00069079303648322821
0.00271057197824120522
0.00040672201430425048
0.00409795501036569476
0.00040574098238721490
0.00410082802409306169
0.00040451402310281992
0.00035844603553414345
0.00193746300647035241
0.00021404901053756475
0.00324329198338091373
0.00021435500821098685
0.00327968300553038716
0.00021318398648872972
0.00019256799714639783
0.00110451795626431704
0.00006923999171704054
0.00111108296550810337
0.00006857200060039759
0.00109790603164583445
0.00006963894702494144
0.00007003202335909009
[50] forward pass time :  0.057141539989970624
Finished Training
