1.6775835011350482
1.2717866436823417
0.7957978100564919
4.4491544512933805
1.261892270198778
0.7907887504092956
0.6993968701480251
2.306770261279062
0.6902478047107395
0.4069707160325427
3.0698323401769527
0.6878930511639306
0.40662694771430996
0.36066644334871517
1.3633226265052432
0.3831403893663695
0.2147042315061155
2.0498167282264483
0.38565567596570444
0.21415892008103823
2.0394623671707355
0.38230220885261107
0.21542512174499662
0.19624213639058566
1.0544069429957552
0.23557269994757676
0.11841484443529655
1.7522502518994243
0.24630860670616753
0.11857309329666589
1.758423153507082
0.23646424769570953
0.1186984664711513
0.11332118883728981
0.6443121789121314
0.11538768089131306
0.04510991765480293
0.6421451456844807
0.11245300012983774
0.044957599847724565
0.6524606289244012
0.1145903168148116
0.04541525666258837
0.05035839827829286
