0.8386078486709219
0.6986277619082677
0.4121861469588782
2.1821859856381227
0.6861248592797079
0.4084927250484103
0.36596232338955526
1.0975007801071595
0.38054412917086955
0.21713669166753166
1.688372162415793
0.3888714176259543
0.21637627658875366
0.19687411473377756
1.1550882488097016
0.2403511641252982
0.12105032311458337
1.8061611972945302
0.24054986914913906
0.13629668392241
1.8048491672073539
0.24054873195525847
0.12027472502699024
0.11526992495514844
0.9574375237877432
0.14831394349273883
0.07242987569617598
1.6449367921603353
0.14299455245858744
0.07209287662255137
1.6437723644469913
0.1406501243381124
0.07140527136231724
0.07252811062100686
0.557527110274685
0.10106511610118966
0.0322054311829178
0.5552506539970636
0.09833877955220248
0.03166712918563893
0.5547366791257733
0.0975738696165775
0.03426316145219301
0.039528601949936466
