3.445433705162845
2.4573873581462786
1.570483358380826
9.039141568600348
2.430019348761753
1.5632940235694772
1.371917197186696
4.663837561383843
1.3023360313749628
0.7912669673954186
6.227560383022616
1.290818610179581
0.7889147774365387
0.6941381082134811
2.766854747345573
0.6888415247790123
0.4068258046907814
4.148072518996503
0.6840221877945097
0.40655436092301417
4.161573875401365
0.6875896532284586
0.4058497810834332
0.36210014582856703
1.9847631650535684
0.40109944284746524
0.21540752710088304
3.324324542068337
0.3977627125813773
0.21507020696605506
3.338585517026092
0.3915750519617608
0.21468531340360641
0.19706658234721736
1.1242839801860482
0.14843521394619816
0.07106125550834756
1.1261225481958765
0.14564434654618563
0.07104809690070779
1.1321005166361207
0.1436068896988505
0.07078117739997412
0.07239646082253832
