0.44560428243130445
0.46841859351843596
0.2211941173300147
1.1271620774641633
0.45597832184284925
0.21821440663188696
0.20340332761406898
0.5880086775869131
0.2473566960543394
0.12255025561898947
0.88757932651788
0.24500577710568905
0.12224446050822735
0.11677623260766268
0.5389513075351715
0.17391149420291185
0.07759294006973505
0.9198192646726966
0.18231986556202173
0.07569135166704655
0.8994566975161433
0.17822177149355412
0.07534083444625139
0.07772358600050211
0.5641179345548153
0.13672849629074335
0.050749718211591244
0.9946508333086967
0.14333156868815422
0.049606673419475555
0.9907202143222094
0.12707284186035395
0.04961203783750534
0.055398037657141685
0.3469593124464154
0.11247989721596241
0.03390804398804903
0.3450040193274617
0.10969270952045918
0.033084843307733536
0.34455984365195036
0.10932803619652987
0.03324636723846197
0.043274820782244205
